-7.500543673404146293e-31
-7.630781932030909597e-31
-7.426468526502890405e-31
-6.711221095364579790e-31
-5.584382455028512862e-31
-4.474722877376450275e-31
-3.341605210548081435e-31
-1.736473422137265877e-31
-4.842511693515460461e-33
1.447501010241590425e-31
2.975764539035464680e-31
4.604959220264181227e-31
6.166122383338095617e-31
7.737932891616290886e-31
9.205045124369092298e-31
1.031813799101344669e-30
1.139257770056892283e-30
1.270138038844718273e-30
1.378511619421218760e-30
1.450108033790597403e-30
1.479534755824243834e-30
1.508203826796135296e-30
1.557674596357169641e-30
1.596112162078238167e-30
1.551250666327903590e-30
1.502722976009846731e-30
1.508948264777527181e-30
1.599639362715496187e-30
1.694483098314532018e-30
1.697298355557697728e-30
1.648122211032779403e-30
1.672129713467456079e-30
1.849487061073974982e-30
1.990603516557453840e-30
2.041962251583968630e-30
2.146047952052075375e-30
2.263348923100432636e-30
2.323980902542259090e-30
2.360401221397327321e-30
2.387139408890443206e-30
2.373520794799046024e-30
2.315489663219862956e-30
2.217458510070908038e-30
2.089779951919867034e-30
1.936794116270566760e-30
1.757111042312417064e-30
1.567358922615555178e-30
1.359879521531238437e-30
1.151674468405842606e-30
9.819970385826717718e-31
8.493818609900999458e-31
7.514466046920538438e-31
6.784480042655924138e-31
6.337379349531621578e-31
6.082307187577827340e-31
5.978863530654492705e-31
6.206972003464677372e-31
6.613484511102320466e-31
6.797798486865976301e-31
6.906794983411307794e-31
7.178902218979836713e-31
7.297629375853188582e-31
7.092423209841022643e-31
6.923612035606108495e-31
7.197716626328676226e-31
7.669414988407208058e-31
7.663354235587309575e-31
7.153853832150839589e-31
6.629403261357106831e-31
6.575859706049136224e-31
7.008647340570772075e-31
7.326524983580536450e-31
7.242811064037584874e-31
7.170099489309123309e-31
7.422266821297236610e-31
7.752122530973877378e-31
8.108446515841091696e-31
8.717235909332177203e-31
9.555772142228885969e-31
1.049985829128302685e-30
1.159708964468787347e-30
1.278263356414878934e-30
1.405773816699282029e-30
1.540012590200415539e-30
1.687507956985686324e-30
1.852488064078524533e-30
2.025747658552515231e-30
2.158332205856512293e-30
2.238710472780315570e-30
2.306361693101655177e-30
2.400164648356765428e-30
2.551508338992566384e-30
2.730269818749480972e-30
2.853728210083444207e-30
2.859227609164822890e-30
2.793289633390255349e-30
2.724098508021141884e-30
2.749280701857934147e-30
2.866339167159746609e-30
2.919564163291323669e-30
2.867956578533611470e-30
2.819484914928880659e-30
2.817440938689286547e-30
2.803931535160200019e-30
2.739772280905092321e-30
2.658658973319233735e-30
2.607458203768524025e-30
2.578336787218560567e-30
2.552817120819075410e-30
2.507432370211548285e-30
2.449641675368757404e-30
2.397850116015934687e-30
2.354543614420251709e-30
2.306224837318316916e-30
2.258563462667195756e-30
2.196391255558384459e-30
2.116306803283391683e-30
2.023887288847382680e-30
1.920844302938752263e-30
1.798462211166106991e-30
1.642890175844120018e-30
1.453368105840799233e-30
1.237512281070277238e-30
1.010752824235596351e-30
7.904639959011549633e-31
5.750348231599384920e-31
3.501650489971779097e-31
1.091483862459471528e-31
-1.278682333520310360e-31
-3.402332123152396833e-31
-5.268204970271268195e-31
-6.883297611536732677e-31
-8.230197173519908892e-31
-9.351350953809551785e-31
-1.035337316282647309e-30
-1.123235541639684095e-30
-1.190304074412266821e-30
-1.249865536483282206e-30
-1.311179107468161808e-30
-1.363873836663777060e-30
-1.404951789577403220e-30
-1.442905497358027156e-30
-1.483305867323291889e-30
-1.516394296290230198e-30
-1.529837447762671798e-30
-1.522365840519003300e-30
-1.497674883622288504e-30
-1.462093463380136384e-30
-1.413052070025112312e-30
-1.342585760908867398e-30
-1.253560068571587771e-30
-1.151104376413803822e-30
-1.032901936622129021e-30
-8.955586414316598019e-31
-7.349744632384291782e-31
-5.501088218807925328e-31
-3.403935237990045588e-31
-1.203095107028348322e-31
9.074253290648140072e-32
2.967782205184003778e-31
5.096004749607782230e-31
7.439160817394100515e-31
1.001804627434112974e-30
1.263960285120382593e-30
1.514094424407044569e-30
1.745109776786719449e-30
1.959868931694139087e-30
2.171858780610159385e-30
2.388748063354304027e-30
2.610783666647644839e-30
2.836540253205303751e-30
3.045335050499832674e-30
3.222680674785285086e-30
3.379570692100266277e-30
3.526289231627002185e-30
3.673250045343913462e-30
3.815943786571815159e-30
3.931320381805208434e-30
4.004673302319915969e-30
4.044985291298116645e-30
4.071296267157368906e-30
4.097137423750978714e-30
4.139796478709951748e-30
4.225024978862362643e-30
4.325138725524561283e-30
4.386201391685468416e-30
4.371890828282651356e-30
4.292367228120695355e-30
4.162348472574688155e-30
4.015775961762907009e-30
3.906567770955464177e-30
3.881036830670229383e-30
3.907299786447528624e-30
3.896976729520151693e-30
3.802423448363064226e-30
3.660265095396153346e-30
3.539140295441875507e-30
3.464603437377232045e-30
3.408742555005018366e-30
3.334811797897526857e-30
3.231317949391398396e-30
