-3.309898516551036971e-28
-3.278576670256308058e-28
-3.179277311478418062e-28
-3.031943912517638120e-28
-2.823894415872101220e-28
-2.554006411452365633e-28
-2.244519895206877463e-28
-1.919086243302883704e-28
-1.552188640093347422e-28
-1.167739768512263428e-28
-7.834909825164600786e-29
-3.951804854221030834e-29
1.171217718210079459e-32
4.075235505020608874e-29
7.605172872565272618e-29
1.128670493827750756e-28
1.487081494225119802e-28
1.793316479144519024e-28
2.059114990590323677e-28
2.286344237218684572e-28
2.517604245715291138e-28
2.649571317046216410e-28
2.711027792882007885e-28
2.815707339768934054e-28
2.861171891560388294e-28
2.822424792412264576e-28
2.764764781217477046e-28
2.864922340600804703e-28
2.984942224679638734e-28
2.984432265512211480e-28
3.082592475506959743e-28
3.264757695046071349e-28
3.396088318217019205e-28
3.530698629683200760e-28
3.681313202689014914e-28
3.809933720790833862e-28
3.928264231273205640e-28
4.031621300267209503e-28
4.062799665022833578e-28
4.022524342305288712e-28
3.946514321721816131e-28
3.786514851495637791e-28
3.493454203010787315e-28
3.120339903011328753e-28
2.686876349128240070e-28
2.170468663908258385e-28
1.607481508439024994e-28
1.052464967141366095e-28
5.263598520934451099e-29
3.232974070573336061e-30
-3.805634337049520369e-29
-6.827729306756313347e-29
-9.060867541950724996e-29
-1.073080636843180911e-28
-1.171437080356248254e-28
-1.183470956904290124e-28
-1.144165776107903368e-28
-1.129280796962357745e-28
-1.108217380485922909e-28
-1.030199817153423500e-28
-9.418804338179148521e-29
-8.800833383301148201e-29
-8.328620822694654065e-29
-7.869358227357735466e-29
-7.109737228254904161e-29
-6.189330667607667400e-29
-5.629385044495715467e-29
-5.149217356477935806e-29
-4.487683028316201070e-29
-3.898525516348644963e-29
-3.530290729938135767e-29
-3.135592345187013272e-29
-2.644870973572390406e-29
-2.148729664318453185e-29
-1.746867399414636782e-29
-1.284324466100448704e-29
-4.167807069918686838e-30
7.409369573246637513e-30
1.979791326071961412e-29
3.508775030764861518e-29
5.278188637643841975e-29
7.482274368583592480e-29
1.057937401719580597e-28
1.357981650435225672e-28
1.591631041754697095e-28
1.868683723779978241e-28
2.223725653169560944e-28
2.571113287751944916e-28
2.854782963232424270e-28
3.060250538919476616e-28
3.233288563169663021e-28
3.505214445968871524e-28
3.839384180360279721e-28
4.043556324512613511e-28
4.109569833404767425e-28
4.212863029151278023e-28
4.379722600152632704e-28
4.483552929925711582e-28
4.502791845578563811e-28
4.508433865889249674e-28
4.522340785019417329e-28
4.527921188905670408e-28
4.496074959938661982e-28
4.444042397831502647e-28
4.399384951101813155e-28
4.338865675884220623e-28
4.243929559297012724e-28
4.145656576360469418e-28
4.098054332211690675e-28
4.057740783855104107e-28
3.976320341706102408e-28
3.868732283921069852e-28
3.769213261179891636e-28
3.688185310853823582e-28
3.604766102859845683e-28
3.483377553294056934e-28
3.304113105842364287e-28
3.096885676057457584e-28
2.882948793537756677e-28
2.628618304353536173e-28
2.306818693259832681e-28
1.921992151895445215e-28
1.485169877402511834e-28
1.007137564418790796e-28
5.223136865418406800e-29
5.691574192597493414e-30
-4.079115218848160173e-29
-8.911873381895364892e-29
-1.356319463226762460e-28
-1.752085121921511992e-28
-2.072886824843516078e-28
-2.346193663412266720e-28
-2.580305573898241360e-28
-2.768307209435415035e-28
-2.908270759730835620e-28
-3.005601070741151765e-28
-3.071081330569277382e-28
-3.117184055941515717e-28
-3.153179452836460771e-28
-3.185096419983133432e-28
-3.213765972854069170e-28
-3.234008256277414752e-28
-3.233427509087171381e-28
-3.211136719216766352e-28
-3.181910110540578038e-28
-3.157668700273565088e-28
-3.120952357939132687e-28
-3.050037200198484133e-28
-2.937061240129712339e-28
-2.787446989381617171e-28
-2.601985204650056127e-28
-2.389974884165002871e-28
-2.161762607620914119e-28
-1.911371380280549543e-28
-1.627201111034607115e-28
-1.306954219976455015e-28
-9.692398408725103317e-29
-6.227613384122792049e-29
-2.621863598358339532e-29
1.071699472659820260e-29
4.675343286580949825e-29
8.195768899830943683e-29
1.186553949602419112e-28
1.572508093454562989e-28
1.949142845291217685e-28
2.290776760849266345e-28
2.607988165677770152e-28
2.905559034586414682e-28
3.173766357545809673e-28
3.420009055945639976e-28
3.684101317213419093e-28
3.976079887316438635e-28
4.221703663173553217e-28
4.366216987477530491e-28
4.451240747139088883e-28
4.567691371353633510e-28
4.724992042240711040e-28
4.862463759376896146e-28
4.939308426226935479e-28
4.953744942282926858e-28
4.915648173198773630e-28
4.840280164208961755e-28
4.784255384299090335e-28
4.808281761769646063e-28
4.867165258382127069e-28
4.861609765053979312e-28
4.737243029094674167e-28
4.564931978750056541e-28
4.443548206400852780e-28
4.382138513496161237e-28
4.310662905873622928e-28
4.171117684747255163e-28
3.982016426324403401e-28
3.798883550693628013e-28
3.644556498682459588e-28
3.495781226368975331e-28
3.324324444116347529e-28
3.135566956233856236e-28
2.959367106629127602e-28
2.813082497851810724e-28
2.687620270111265028e-28
