1.080609889227710455e-24
1.081150931994775765e-24
1.080990484949854950e-24
1.080588567871021010e-24
1.080141057436735288e-24
1.079386001593196102e-24
1.078792627544761790e-24
1.078761617501710318e-24
1.078576541903559518e-24
1.079570833631091158e-24
1.081117049646316672e-24
1.082952317198727709e-24
1.086332569630100932e-24
1.089477064609068417e-24
1.093849312949023692e-24
1.100006490752012220e-24
1.106578611498081953e-24
1.113664222334303336e-24
1.122588020054081758e-24
1.132138950918486823e-24
1.140358765157690947e-24
1.151922068492489404e-24
1.163352975035573284e-24
1.171007136291692381e-24
1.182174523022897067e-24
1.194380131484597587e-24
1.203091025337876345e-24
1.208301002066697622e-24
1.212178856582071032e-24
1.216347880454795634e-24
1.218060138857698528e-24
1.217096254038578900e-24
1.214949863861243258e-24
1.211331217202490674e-24
1.206201142130072128e-24
1.199992953543504428e-24
1.193231519071039148e-24
1.186266334573978533e-24
1.179317000414510500e-24
1.172768818881565511e-24
1.167156082140161345e-24
1.162929347899530542e-24
1.160203543670235306e-24
1.158831497832157172e-24
1.159211066530689704e-24
1.161097990174362138e-24
1.163656676185399940e-24
1.167135592807075560e-24
1.171542612694803244e-24
1.175871071407789251e-24
1.179470291132847573e-24
1.182247820417629307e-24
1.184484136644460109e-24
1.186567168246108602e-24
1.188364929016872427e-24
1.189339606795533771e-24
1.189572197849932688e-24
1.191034536140902088e-24
1.192972188437223928e-24
1.193316695071396438e-24
1.193972883266904683e-24
1.196599165549871759e-24
1.199508585517028103e-24
1.201776965461148060e-24
1.203570489797633475e-24
1.205384543294134101e-24
1.208047285259690152e-24
1.211342826602185135e-24
1.214557848066744294e-24
1.217847295971259887e-24
1.221547157840516741e-24
1.225634750655391928e-24
1.230082798304616857e-24
1.234891691166977026e-24
1.240151192898599258e-24
1.245741141031384485e-24
1.251337561467724525e-24
1.256875988628113691e-24
1.262328992254932342e-24
1.268120687410502658e-24
1.274973539597844831e-24
1.280930581734525793e-24
1.284106665142176456e-24
1.288287175727700397e-24
1.295539296147689501e-24
1.300557019846458240e-24
1.301450457290262480e-24
1.304133119892271573e-24
1.310747303464620739e-24
1.317187336247228995e-24
1.321319383357045145e-24
1.323551029494731659e-24
1.325143339423784868e-24
1.327999777933473601e-24
1.331917293034684310e-24
1.335177213380328599e-24
1.337646046923868125e-24
1.340095625854605204e-24
1.342456758104323310e-24
1.344486884540470874e-24
1.345975886428952794e-24
1.346921516331992666e-24
1.347722612545227830e-24
1.348497679484032701e-24
1.348903804475010550e-24
1.348860018518840144e-24
1.348438736228570730e-24
1.347712697491692757e-24
1.346157242676568655e-24
1.344130735717457786e-24
1.341737129246684891e-24
1.339124267523083916e-24
1.336629066491700950e-24
1.333975977811470585e-24
1.330458523891238964e-24
1.326696179525422305e-24
1.324115014743493358e-24
1.322668022091653565e-24
1.321042421397013333e-24
1.319415671833715029e-24
1.319296034883407422e-24
1.321148160983532365e-24
1.324079086798038824e-24
1.327447846253515992e-24
1.331180029539622791e-24
1.335186728696998688e-24
1.339646010546317764e-24
1.344714670184685240e-24
1.349930573941506453e-24
1.354624216493844352e-24
1.358630944857090222e-24
1.362170091565013448e-24
1.365385250908813124e-24
1.368273518480999470e-24
1.370804425777138209e-24
1.373012555891936049e-24
1.375021099043907132e-24
1.377081449264149427e-24
1.379306775195625588e-24
1.381643857017736534e-24
1.384071791216876086e-24
1.386736898393373627e-24
1.389691508457486855e-24
1.392779025550633365e-24
1.395892630394660345e-24
1.399021060718618957e-24
1.402171216153539145e-24
1.405315624679804633e-24
1.408410581488503868e-24
1.411184946009399233e-24
1.413336545414693597e-24
1.415128747407101367e-24
1.417100308825348282e-24
1.419222915024212103e-24
1.420826911892169493e-24
1.421639066255338119e-24
1.422298366950725019e-24
1.423377576160189100e-24
1.424738998431415907e-24
1.426032929053535793e-24
1.427368573281525311e-24
1.428829315222552558e-24
1.430116477883824513e-24
1.431193804115709238e-24
1.432587993371011884e-24
1.434570273244731904e-24
1.436927147488981682e-24
1.439861335896893791e-24
1.443967660715992931e-24
1.448753314908080737e-24
1.452299293199992313e-24
1.454165609816688481e-24
1.456890429550298652e-24
1.462724006449357344e-24
1.470242987340023321e-24
1.475699603008149562e-24
1.478174880726006815e-24
1.480840921218731549e-24
1.486504427415288350e-24
1.494646012567656085e-24
1.502708238843765477e-24
1.509388792251691144e-24
1.514836533618333187e-24
1.518949380516684352e-24
1.522464744900380673e-24
1.526553526725622195e-24
1.532026467846717147e-24
1.538143138982414449e-24
1.543680712388776287e-24
1.548350783442578784e-24
1.552803871643772788e-24
1.557444747273530779e-24
1.562170664340016480e-24
1.566379148286071321e-24
1.569989146117677776e-24
1.573640145406323597e-24
1.577662195119463161e-24
1.581578048628583297e-24
1.584555488346214812e-24
1.586442716737386913e-24
1.587949280491111107e-24
