5.560633021261906636e-30
5.073261649177579339e-30
4.090065638424535458e-30
2.549069804394230181e-30
5.274022126478773782e-31
-2.125233484073272491e-30
-5.578709661095907935e-30
-9.986395864017596999e-30
-1.465148674949072691e-29
-2.066726067781870837e-29
-2.761978586422893950e-29
-3.473759304814789845e-29
-4.355517893879765269e-29
-5.188462296566735646e-29
-6.077004771158399908e-29
-7.124053302184055224e-29
-8.100472558439424792e-29
-9.151731386023578589e-29
-1.031536329465733307e-28
-1.133390098377090654e-28
-1.218125291870062939e-28
-1.319259180860163539e-28
-1.402612496992685309e-28
-1.433927139491202489e-28
-1.492833081649476421e-28
-1.536550956279948323e-28
-1.518860186444427337e-28
-1.497140201324127194e-28
-1.449654072016242899e-28
-1.349676233744221383e-28
-1.227689362241549594e-28
-1.096104541405115496e-28
-9.544760835710575299e-29
-7.896981580874591894e-29
-6.056227384518093609e-29
-4.236844282476500872e-29
-2.450463347076085506e-29
-6.800161409371940228e-30
9.896715760424502210e-30
2.495451801727715208e-29
3.794313222231874164e-29
4.847981676126516260e-29
5.654311266653472151e-29
6.212295624736996611e-29
6.476392056920886465e-29
6.471717986065715313e-29
6.300021579104211097e-29
5.961272626598629585e-29
5.448937729142868194e-29
4.883614177312621022e-29
4.340578511749061220e-29
3.804474048087179218e-29
3.287869417019265986e-29
2.835908843853649847e-29
2.419893691928257213e-29
2.059686522974396477e-29
1.756518512973008472e-29
1.390342623965325765e-29
1.024382350824001863e-29
8.312813094166634292e-30
5.964757153342669935e-30
1.748538469822587031e-30
-1.826783121984021681e-30
-4.295050125355318441e-30
-7.810965571322474890e-30
-1.191250920216300509e-29
-1.510666496515488119e-29
-1.821216168204988802e-29
-2.204642331093844755e-29
-2.663696015133395555e-29
-3.195287490291153207e-29
-3.772671418814687797e-29
-4.370618204141461728e-29
-5.015219707081540050e-29
-5.751656523289259903e-29
-6.554247305080991613e-29
-7.349762473449982330e-29
-8.136162499797971500e-29
-8.958763294761942505e-29
-9.807689162773120761e-29
-1.068742080521797311e-28
-1.147834072054887019e-28
-1.203989591908188092e-28
-1.262043787658962757e-28
-1.336840556982972147e-28
-1.382861671464131160e-28
-1.382184678381512120e-28
-1.398335530751801598e-28
-1.448431300242876253e-28
-1.468381981040447317e-28
-1.445801024295186852e-28
-1.431047047367377096e-28
-1.429860078060564017e-28
-1.404451838268723595e-28
-1.346756467534176517e-28
-1.283175642163264956e-28
-1.226817238419403889e-28
-1.174115335634768066e-28
-1.114589858650023388e-28
-1.041529254351756101e-28
-9.578404627215667488e-29
-8.704823290493166610e-29
-7.825748010914250660e-29
-6.918469868124382880e-29
-5.961192511122514566e-29
-4.976686782191922151e-29
-3.994463935661280519e-29
-3.048934871781474565e-29
-2.056469383839745399e-29
-1.047062119422262097e-29
-5.234482388211050921e-31
9.237416163459569136e-30
1.866785512961775048e-29
2.776486914117347214e-29
3.669617277466343959e-29
4.489435257293831252e-29
5.159122089528456413e-29
5.702660266809195328e-29
6.228414609484435000e-29
6.709579145624287269e-29
6.974855302490012350e-29
6.995058417772979934e-29
6.924024314620064853e-29
6.824350187560628792e-29
6.610031024135522010e-29
6.250275883269048146e-29
5.824314387635922488e-29
5.427019679255371346e-29
5.051006585284151499e-29
4.673587769768849438e-29
4.297604549260200313e-29
3.925359104161730852e-29
3.569504093480529037e-29
3.263195888266803951e-29
3.007463809069962614e-29
2.775481285474239577e-29
2.530235975917166669e-29
2.254931523655854411e-29
1.952866897299631939e-29
1.627712183629171565e-29
1.265380222270993961e-29
8.578041609453645391e-30
4.000464740228909326e-30
-9.369039502179975490e-31
-6.071882911013359174e-30
-1.145410823689070300e-29
-1.715269355751358013e-29
-2.307953086401319690e-29
-2.916380800136834103e-29
-3.514635174090134153e-29
-4.073528161298181552e-29
-4.614445545713850607e-29
-5.168733587280992185e-29
-5.729982929836703588e-29
-6.247805747356871114e-29
-6.702009883507795436e-29
-7.160364656155204362e-29
-7.689696698696325959e-29
-8.245942135826778181e-29
-8.748124379727898802e-29
-9.225542766388850272e-29
-9.747611538198936053e-29
-1.031136469922129915e-28
-1.085286595964483062e-28
-1.135535334326934705e-28
-1.186956661462038347e-28
-1.243288865241819134e-28
-1.303895109805628751e-28
-1.369348478998280693e-28
-1.438213880765367347e-28
-1.498742941711621959e-28
-1.544593949340022530e-28
-1.590084021618487111e-28
-1.652095328948305532e-28
-1.721113327396796771e-28
-1.764700192654817635e-28
-1.773533002320426644e-28
-1.781712413723933628e-28
-1.821040110852271618e-28
-1.879099863017917484e-28
-1.914319548303455655e-28
-1.911341429832801097e-28
-1.897925069465891309e-28
-1.896201102011932275e-28
-1.904387739492417871e-28
-1.900073925341939455e-28
-1.870244166542285479e-28
-1.825412704349064496e-28
-1.778439165457207562e-28
-1.734490765143565274e-28
-1.693930345312557405e-28
-1.656473460599562107e-28
-1.616716888381728893e-28
-1.565605142642859485e-28
-1.501848165766287529e-28
-1.434242686209538998e-28
-1.371143847337288175e-28
-1.310667591013902963e-28
-1.242782031545756379e-28
-1.162786604411391899e-28
-1.078373198254556382e-28
