-5.580156555355994692e-28
-5.314225760066387394e-28
-5.009941400520666545e-28
-4.686297590292318000e-28
-4.349510552081017012e-28
-3.991251022673496215e-28
-3.628520917184312059e-28
-3.268696591350741370e-28
-2.890600117973270280e-28
-2.541338678708724686e-28
-2.195800986473692330e-28
-1.843829996597890196e-28
-1.523440911293419864e-28
-1.179929548602111340e-28
-8.612460647657488386e-29
-5.875417427829156238e-29
-3.188798505886251583e-29
-4.989146886944499229e-30
1.576811469909744834e-29
3.289851931016514071e-29
5.417437089080187181e-29
6.179832650012853745e-29
6.949091329759197194e-29
8.764832244282426117e-29
9.373205512239337467e-29
9.620630734710487709e-29
1.100142828378559270e-28
1.376068675231203864e-28
1.686641772376920498e-28
1.944946570430038790e-28
2.261387002037080794e-28
2.638846701674365585e-28
3.005889121109560227e-28
3.351409074682123759e-28
3.669922772567951209e-28
3.944126226725564211e-28
4.152238837049949508e-28
4.274594926783296500e-28
4.302840250823782960e-28
4.224967010472880913e-28
4.024391509183937842e-28
3.690598004553344222e-28
3.228378697514194949e-28
2.654595348770203472e-28
1.968205974409180789e-28
1.188852333368120905e-28
3.698807708599829882e-29
-4.650719303869163835e-29
-1.292299726812668588e-28
-2.060671890496965706e-28
-2.734147336068182727e-28
-3.298370372055268319e-28
-3.756929864170948682e-28
-4.130619854420933755e-28
-4.426581988620993577e-28
-4.631888750329001120e-28
-4.759764582403027856e-28
-4.885042747826140302e-28
-4.987885126197331871e-28
-5.004415317481654024e-28
-4.997546919082291465e-28
-5.022875561303010498e-28
-5.032719763754524309e-28
-4.995191830677918300e-28
-4.904023126905487360e-28
-4.783171839470885574e-28
-4.680833877397674988e-28
-4.586437058969346212e-28
-4.471202731906991244e-28
-4.343343094150213771e-28
-4.221545768232880472e-28
-4.110041753279087743e-28
-4.011423140429271051e-28
-3.924168695924263673e-28
-3.844506864310654041e-28
-3.768738690317100140e-28
-3.689742360219115101e-28
-3.597346373350433936e-28
-3.476754075813020902e-28
-3.347459525942188226e-28
-3.236777924899791984e-28
-3.075385914804482000e-28
-2.799719078464730964e-28
-2.539461477325147678e-28
-2.363524024771061799e-28
-2.105717419012344594e-28
-1.713061286726367898e-28
-1.374130505747854137e-28
-1.154066999490080463e-28
-9.322335997628488432e-29
-6.409851970718569896e-29
-2.725843431611219376e-29
1.227428605444290498e-29
4.509534131243959735e-29
7.109039728785031070e-29
9.782382817866474567e-29
1.263955198475196090e-28
1.535715273172588398e-28
1.786948804325211573e-28
2.023476875173848455e-28
2.245382058996363155e-28
2.456068538345337907e-28
2.642272681982663715e-28
2.794075769572567031e-28
2.919443990836118043e-28
3.022524769145004533e-28
3.099871348329442786e-28
3.158738068154468068e-28
3.192799890520563693e-28
3.204003120898034746e-28
3.191654390368465494e-28
3.147109503243217176e-28
3.058697639749733544e-28
2.933965486883677815e-28
2.789597513224380055e-28
2.602411839184260701e-28
2.330962247539574237e-28
1.986560849926016443e-28
1.613070255810859769e-28
1.204983464547901064e-28
7.206603223597451398e-29
1.541710420306738948e-29
-4.550816735688057962e-29
-1.076115480927472961e-28
-1.688306703507855594e-28
-2.273318734435980729e-28
-2.829655458216960851e-28
-3.359345057298185887e-28
-3.833764997944665794e-28
-4.219629735236518746e-28
-4.508641153829078903e-28
-4.712977043306681043e-28
-4.843757735079796595e-28
-4.908586600979658902e-28
-4.915295963455212346e-28
-4.873244551865508636e-28
-4.796143833568337562e-28
-4.700823672366429330e-28
-4.597544701987355373e-28
-4.488633428179600657e-28
-4.376658126167367724e-28
-4.267719194705614045e-28
-4.164926975684726774e-28
-4.063056179273265753e-28
-3.955801234673209611e-28
-3.840191897801986864e-28
-3.715861601872585901e-28
-3.582640856425019356e-28
-3.438161439271953336e-28
-3.273484892209730863e-28
-3.079938173221091279e-28
-2.868626019127859579e-28
-2.659398350731998785e-28
-2.452432236906954893e-28
-2.230180355973180457e-28
-1.988106187882719597e-28
-1.749401460723102205e-28
-1.535282403889281397e-28
-1.346195453679099407e-28
-1.176646614434517969e-28
-1.026725058472060657e-28
-8.961972050161674164e-29
-7.778673147198489238e-29
-6.776623795491378431e-29
-6.142945238366548019e-29
-5.891997851218600322e-29
-5.895753064445725702e-29
-6.257087212907065507e-29
-7.200280293153866232e-29
-8.502021443221151801e-29
-9.460340358487947757e-29
-9.922732500176842006e-29
-1.074094206883121967e-28
-1.262745953407067970e-28
-1.506586949214371948e-28
-1.682007971706910206e-28
-1.757764313511137879e-28
-1.830207683594241946e-28
-1.982660292256661681e-28
-2.196498155581981339e-28
-2.395237720294314061e-28
-2.536569058129570750e-28
-2.609217199489668774e-28
-2.606279178961391672e-28
-2.548009894810008716e-28
-2.494395173272127989e-28
-2.486412614879848820e-28
-2.489759272781037140e-28
-2.451981894010257803e-28
-2.362267053657215479e-28
-2.248894506834774452e-28
-2.131171877152293756e-28
-2.006397561496394934e-28
-1.857684578078164569e-28
-1.685635873275839874e-28
-1.511362579135430470e-28
-1.344109962346009140e-28
-1.168966562138172962e-28
-9.641793207351379353e-29
-7.288242106326591467e-29
-4.873482660949533881e-29
