2.500000000000000000e+00 -7.581024195912888786e-05 2.932441679489655062e+00 3.243650864442696458e-01
2.505999999999999783e+00 2.250443346487607243e-04 2.930837622205916038e+00 3.283050736704727912e-01
2.512000000000000011e+00 4.112755963441294682e-04 2.929137105933961038e+00 3.323536875151207326e-01
2.517999999999999794e+00 4.648788916563617590e-04 2.927321865532170442e+00 3.365064507211786848e-01
2.524000000000000021e+00 4.003093862054996066e-04 2.925406100394397413e+00 3.407629634676213604e-01
2.529999999999999805e+00 2.863576173095516708e-04 2.923458349902856579e+00 3.451296884037865498e-01
2.536000000000000032e+00 2.025259323095163211e-04 2.921557869767190674e+00 3.496151317812238313e-01
2.541999999999999815e+00 2.372969576627248500e-04 2.919792900396825264e+00 3.542297101673870241e-01
2.548000000000000043e+00 2.365241590789324277e-04 2.918009057366715897e+00 3.589548701152270316e-01
2.553999999999999826e+00 1.147602803985847686e-04 2.916120659764228851e+00 3.637798233525915137e-01
2.560000000000000053e+00 -4.372419861731202673e-05 2.914211748557081094e+00 3.687148427694348918e-01
2.565999999999999837e+00 -7.100344202948249972e-05 2.912450024126083559e+00 3.737816937417611229e-01
2.572000000000000064e+00 -1.758948083523392825e-04 2.910626447629022007e+00 3.789544759320576661e-01
2.577999999999999847e+00 -8.678633938830060401e-05 2.909012413428471611e+00 3.842693197057663879e-01
2.584000000000000075e+00 -1.261786186299573842e-04 2.907285207152033646e+00 3.896849103707126227e-01
2.589999999999999858e+00 -2.123242245457568345e-04 2.905526366159690177e+00 3.952124877476933529e-01
2.596000000000000085e+00 -1.838616125606762353e-04 2.903897045584356906e+00 4.008749711579583930e-01
2.601999999999999869e+00 -1.749203767706930535e-04 2.902262912994549193e+00 4.066552424639235386e-01
2.608000000000000096e+00 -2.110020417678271087e-04 2.900598267528750274e+00 4.125505568597260253e-01
2.613999999999999879e+00 -1.794414709643810113e-04 2.899015578415095273e+00 4.185779073053386701e-01
2.620000000000000107e+00 -1.864406678779850779e-04 2.897408451099693139e+00 4.247231852032554711e-01
2.625999999999999890e+00 -1.289899262002514035e-04 2.895879706027982614e+00 4.310024747169670101e-01
2.632000000000000117e+00 -1.057269825883722092e-04 2.894330519424817005e+00 4.374023017408765202e-01
2.637999999999999901e+00 -1.163139353850262125e-04 2.892761046310375672e+00 4.439234509913312365e-01
2.644000000000000128e+00 -1.539156551260134620e-04 2.891177942025687564e+00 4.505676811509880531e-01
2.649999999999999911e+00 -1.119449730255794861e-04 2.889687616981720719e+00 4.573525578714252582e-01
2.656000000000000139e+00 -7.094067462132258584e-05 2.888209358604815424e+00 4.642665723083730933e-01
2.661999999999999922e+00 -1.346733058626981006e-05 2.886760431446261155e+00 4.713133756335065039e-01
2.668000000000000149e+00 -1.920912673680774674e-05 2.885260983294200443e+00 4.784806434105714490e-01
2.673999999999999932e+00 -9.511753986712889741e-05 2.883703897440899944e+00 4.857674235179872957e-01
2.680000000000000160e+00 -8.577558844935495586e-05 2.882244428376566692e+00 4.932004039849720578e-01
2.685999999999999943e+00 -3.257184190141870772e-05 2.880841027725849379e+00 5.007736760483795235e-01
2.692000000000000171e+00 -4.660610780993224012e-05 2.879382438507621433e+00 5.084685359589188325e-01
2.697999999999999954e+00 -1.705500084581146325e-05 2.877979329514268603e+00 5.163048054429280054e-01
2.704000000000000181e+00 -4.988473837119755672e-05 2.876525582465464748e+00 5.242639913074235158e-01
2.709999999999999964e+00 -1.002261800819859161e-04 2.875065916919088416e+00 5.323542606674966926e-01
2.716000000000000192e+00 -4.865676384246953035e-05 2.873719608287065963e+00 5.405982695989844933e-01
2.721999999999999975e+00 -4.167216168049492353e-05 2.872340016132064022e+00 5.489692350823317524e-01
2.728000000000000203e+00 -1.005790947892215570e-04 2.870905691306382845e+00 5.574628791387289395e-01
2.733999999999999986e+00 -1.350790623022568582e-04 2.869506792177946686e+00 5.660966215271335811e-01
2.740000000000000213e+00 -1.765418799664075777e-04 2.868111811047547643e+00 5.748645749716293496e-01
2.745999999999999996e+00 -1.267947596033103252e-04 2.866818785026204353e+00 5.837867993662199106e-01
2.751999999999999780e+00 -1.242596984276644889e-04 2.865489158603630848e+00 5.928356456973211674e-01
2.758000000000000007e+00 -1.792580243953345587e-04 2.864112479061633465e+00 6.020085560566212912e-01
2.764000000000000234e+00 -1.774897014907850235e-04 2.862802917128440594e+00 6.113294008964927917e-01
2.770000000000000018e+00 -2.235076611931674506e-04 2.861455792607841442e+00 6.207760808623137283e-01
2.775999999999999801e+00 -2.230309239776850916e-04 2.860165261218987620e+00 6.303688650027314822e-01
2.782000000000000028e+00 -1.607057117194443663e-04 2.858946553446293670e+00 6.401116315921536737e-01
2.788000000000000256e+00 -1.594030571419047249e-04 2.857676676893037282e+00 6.499770279529650807e-01
2.794000000000000039e+00 -2.088480194650799149e-04 2.856365787029588432e+00 6.599666907560505225e-01
2.799999999999999822e+00 -2.198090094229776525e-04 2.855102997833035339e+00 6.701008984640431931e-01
2.806000000000000050e+00 -1.782358474908818380e-04 2.853902243694375063e+00 6.803832914935785681e-01
2.811999999999999833e+00 -1.535690799592259737e-04 2.852693970068603591e+00 6.907974950855135798e-01
2.818000000000000060e+00 -1.427593396794435421e-04 2.851481114080865353e+00 7.013439043889265756e-01
2.823999999999999844e+00 -1.451667833038960964e-04 2.850264205056811662e+00 7.120223354499549684e-01
2.830000000000000071e+00 -1.641557298790452535e-04 2.849039769852289794e+00 7.228315750312049870e-01
2.835999999999999854e+00 -1.061401485196178385e-04 2.847901287334654974e+00 7.337953137280688320e-01
2.842000000000000082e+00 -8.572642260107343759e-05 2.846734045588190654e+00 7.448842386538991889e-01
2.847999999999999865e+00 -4.833995474040619911e-05 2.845592515279397716e+00 7.561121358040708840e-01
2.854000000000000092e+00 -4.606075989288527239e-05 2.844424514034797458e+00 7.674648763900919768e-01
2.859999999999999876e+00 -6.257252882058139676e-05 2.843246257348985395e+00 7.789461871291896156e-01
2.866000000000000103e+00 -9.208113315395394238e-06 2.842146313071515440e+00 7.905801592279646517e-01
2.871999999999999886e+00 2.551129692518472325e-05 2.841036062202698886e+00 8.023423189760057195e-01
2.878000000000000114e+00 -1.061465395135741119e-05 2.839863208038628350e+00 8.142170769884713444e-01
2.883999999999999897e+00 3.782156659415392141e-05 2.838783063199565859e+00 8.262483264455970922e-01
2.890000000000000124e+00 1.622930757738672014e-05 2.837640943532359294e+00 8.383910503100587830e-01
2.895999999999999908e+00 1.256227558092959384e-04 2.836637771106678585e+00 8.507041186134491895e-01
2.902000000000000135e+00 9.668929586492680528e-05 2.835504142550375306e+00 8.631067933894459587e-01
2.907999999999999918e+00 1.031705148788475412e-04 2.834413710030227573e+00 8.756503171751075509e-01
2.914000000000000146e+00 7.889375243630425416e-05 2.833300212778216309e+00 8.883138214710173397e-01
2.919999999999999929e+00 7.220492066872807868e-05 2.832211909888534773e+00 9.011116113174796327e-01
2.926000000000000156e+00 1.053396114891747004e-04 2.831170951402192326e+00 9.140504123476653753e-01
2.931999999999999940e+00 1.386124039672864683e-04 2.830137567592186265e+00 9.271170419143618391e-01
2.938000000000000167e+00 1.498924487863817490e-04 2.829089544526293576e+00 9.403033514734162601e-01
2.943999999999999950e+00 1.020303100496278148e-04 2.827989650887535067e+00 9.535956454755594169e-01
2.950000000000000178e+00 9.463872123127714531e-05 2.826937418709324579e+00 9.670262224281305219e-01
2.955999999999999961e+00 1.287662660791610847e-04 2.825933817035902518e+00 9.805950638156675225e-01
2.962000000000000188e+00 1.145558590507356200e-04 2.824888910382780782e+00 9.942701242678656515e-01
2.967999999999999972e+00 1.418814306655136193e-04 2.823892495402444691e+00 1.008081662691633573e+00
2.974000000000000199e+00 1.243085532567356211e-04 2.822858061490885806e+00 1.021997844866483263e+00
2.979999999999999982e+00 9.006873427885864203e-05 2.821813765062057833e+00 1.036027112078354406e+00
2.985999999999999766e+00 1.152323669186827715e-04 2.820835602480050497e+00 1.050196213414390511e+00
2.991999999999999993e+00 1.317552887192263711e-04 2.819855456599553278e+00 1.064478997729059184e+00
2.998000000000000220e+00 1.013966266762977853e-04 2.818835014593222610e+00 1.078859234591076577e+00
3.004000000000000004e+00 1.114278153862002796e-04 2.817861476952448374e+00 1.093368506374281290e+00
3.009999999999999787e+00 8.244069555818356321e-05 2.816855365568773806e+00 1.107974601680610016e+00
3.016000000000000014e+00 1.065038258780681701e-04 2.815908680029076461e+00 1.122711902992923338e+00
3.022000000000000242e+00 1.183752235136559250e-04 2.814956110339633000e+00 1.137553122183378340e+00
3.028000000000000025e+00 1.268629315558378323e-04 2.814006397477517574e+00 1.152499807861314007e+00
3.033999999999999808e+00 1.028091923820362297e-04 2.813030317548172121e+00 1.167537858247604809e+00
3.040000000000000036e+00 7.399302082999881236e-05 2.812055584343139625e+00 1.182676388373470555e+00
3.046000000000000263e+00 8.773080717050518729e-05 2.811129449927865398e+00 1.197933365743399259e+00
3.052000000000000046e+00 1.132579478961837083e-04 2.810221086257622680e+00 1.213294021925999777e+00
3.057999999999999829e+00 1.154722902239058158e-04 2.809295328607420039e+00 1.228740922123320090e+00
3.064000000000000057e+00 1.069183386213090614e-04 2.808364659764233107e+00 1.244276862814382767e+00
3.070000000000000284e+00 8.812870841046205328e-05 2.807429551466596784e+00 1.259899447163961739e+00
3.076000000000000068e+00 1.126974779999123655e-04 2.806543537743009686e+00 1.275630321774633646e+00
3.081999999999999851e+00 9.146385275515811486e-05 2.805617398562395781e+00 1.291426576711037333e+00
3.088000000000000078e+00 1.300528056527028298e-04 2.804756700461439323e+00 1.307333946732038177e+00
3.093999999999999861e+00 1.267544694982802866e-04 2.803859675923834338e+00 1.323302691443914991e+00
3.100000000000000089e+00 1.148308128788855242e-04 2.802959530043491299e+00 1.339345103782236590e+00
3.105999999999999872e+00 1.509301994966349980e-04 2.802112855071357433e+00 1.355485486825726893e+00
3.112000000000000099e+00 1.566548987397275994e-04 2.801241197913709069e+00 1.371683278848084386e+00
3.117999999999999883e+00 1.266742216765592843e-04 2.800339173256121139e+00 1.387932192210403759e+00
3.124000000000000110e+00 1.395033245481513973e-04 2.799485242355101988e+00 1.404267787463781891e+00
3.129999999999999893e+00 1.282577174563925837e-04 2.798612467535209536e+00 1.420653621917133735e+00
3.136000000000000121e+00 1.525138115092694591e-04 2.797780372724824272e+00 1.437116527115261944e+00
3.141999999999999904e+00 1.662670519793074675e-04 2.796942901578093110e+00 1.453629827390810370e+00
3.148000000000000131e+00 1.708316083219862946e-04 2.796101317154020993e+00 1.470190539609430802e+00
3.153999999999999915e+00 1.682676688599116233e-04 2.795257629200352145e+00 1.486796035450654196e+00
3.160000000000000142e+00 1.713526804056897390e-04 2.794424565382673364e+00 1.503449430115415320e+00
3.165999999999999925e+00 1.304153629075877063e-04 2.793552405288657337e+00 1.520120099317189499e+00
3.172000000000000153e+00 1.621654841681419157e-04 2.792757810192572521e+00 1.536867687461683785e+00
3.177999999999999936e+00 1.640457984479759546e-04 2.791938174983962018e+00 1.553632628957047457e+00
3.184000000000000163e+00 1.405732761150524368e-04 2.791097969387405175e+00 1.570413006330531935e+00
3.189999999999999947e+00 1.391530462768741927e-04 2.790284551895547693e+00 1.587231340786648071e+00
3.196000000000000174e+00 1.495998947644849864e-04 2.789487691257622970e+00 1.604078144211963153e+00
3.201999999999999957e+00 1.304168298821295480e-04 2.788665845035902979e+00 1.620925410452640492e+00
3.208000000000000185e+00 1.261606185849473150e-04 2.787863525132749043e+00 1.637794590474210610e+00
3.213999999999999968e+00 1.171780241584485793e-04 2.787061034019332251e+00 1.654670057310233089e+00
3.219999999999999751e+00 9.984113800509675229e-05 2.786254700058639067e+00 1.671545244347443004e+00
3.225999999999999979e+00 1.063733612158834774e-04 2.785476703478372951e+00 1.688435162133963718e+00
3.232000000000000206e+00 1.047566164267266231e-04 2.784694983574329985e+00 1.705316220602586474e+00
3.237999999999999989e+00 9.604740326007998874e-05 2.783910554757505373e+00 1.722184429262155758e+00
3.243999999999999773e+00 8.049309872548704448e-05 2.783123622846322753e+00 1.739035256467127422e+00
3.250000000000000000e+00 5.610488393559265319e-05 2.782332157985269117e+00 1.755862704226110127e+00
3.256000000000000227e+00 5.736868915029447180e-05 2.781570605582083022e+00 1.772683909704496186e+00
3.262000000000000011e+00 5.268241342548662942e-05 2.780807323519603358e+00 1.789474279572450532e+00
3.267999999999999794e+00 3.447166151238079124e-05 2.780034697885041872e+00 1.806223987450805479e+00
3.274000000000000021e+00 2.689545174572316455e-05 2.779276848670408917e+00 1.822943775988908888e+00
3.280000000000000249e+00 7.058156225703271502e-06 2.778510841705311041e+00 1.839613775734747714e+00
3.286000000000000032e+00 -1.641347175507235079e-06 2.777760037801727755e+00 1.856244433384950154e+00
3.291999999999999815e+00 1.584056724901472535e-06 2.777025186478433660e+00 1.872831470163183187e+00
3.298000000000000043e+00 -7.060694464655625779e-06 2.776282455539172300e+00 1.889353845931092124e+00
3.304000000000000270e+00 -2.589107403228041449e-05 2.775533492832410243e+00 1.905807384554432327e+00
3.310000000000000053e+00 -3.530049622035846824e-05 2.774797868714570459e+00 1.922200322285235297e+00
3.315999999999999837e+00 -3.184280665990968373e-05 2.774078993552960171e+00 1.938530037384041727e+00
3.322000000000000064e+00 -2.870694294587750051e-05 2.773363643058699868e+00 1.954782226315809668e+00
3.328000000000000291e+00 -4.006487002028435995e-05 2.772637610344912407e+00 1.970941532835355892e+00
3.334000000000000075e+00 -4.806551650471391213e-05 2.771918711984093786e+00 1.987015186758193996e+00
3.339999999999999858e+00 -5.815059601621541674e-05 2.771201472180660819e+00 2.002993984501251212e+00
3.346000000000000085e+00 -5.467583436447043255e-05 2.770501501537601108e+00 2.018883938932924060e+00
3.351999999999999869e+00 -5.710492165889036187e-05 2.769799303098448906e+00 2.034665627956083078e+00
3.358000000000000096e+00 -5.816352859300266687e-05 2.769102118325112993e+00 2.050338961981050367e+00
3.363999999999999879e+00 -6.382121691128617158e-05 2.768403945181591830e+00 2.065894138249398271e+00
3.370000000000000107e+00 -6.561479957944982289e-05 2.767713214768184216e+00 2.081332077288327476e+00
3.375999999999999890e+00 -5.893027331138611657e-05 2.767034509383338392e+00 2.096650993143612585e+00
3.382000000000000117e+00 -5.530958584021306024e-05 2.766356255750913817e+00 2.111836894551029520e+00
3.387999999999999901e+00 -5.973442736895151484e-05 2.765673441223329476e+00 2.126880606581483146e+00
3.394000000000000128e+00 -5.454944182625709459e-05 2.765003690564985739e+00 2.141790421779925513e+00
3.399999999999999911e+00 -5.594298102007400075e-05 2.764330785192901097e+00 2.156548676001149190e+00
3.406000000000000139e+00 -5.485704922625345148e-05 2.763663753226998310e+00 2.171157245428723126e+00
3.411999999999999922e+00 -5.337595038490405841e-05 2.763000480837870754e+00 2.185609465463911327e+00
3.418000000000000149e+00 -5.168709289549155983e-05 2.762340751436974884e+00 2.199900222886394641e+00
3.423999999999999932e+00 -5.342257224372204405e-05 2.761680904089188093e+00 2.214021736552161279e+00
3.430000000000000160e+00 -5.415344248893561030e-05 2.761025339236486076e+00 2.227972763537647616e+00
3.435999999999999943e+00 -5.388318023680227498e-05 2.760374025229242800e+00 2.241748675838657334e+00
3.442000000000000171e+00 -5.467136655212812002e-05 2.759724874639671199e+00 2.255343298829578735e+00
3.447999999999999954e+00 -5.679864924079680577e-05 2.759077579295022620e+00 2.268752024762208830e+00
3.454000000000000181e+00 -5.840503948606468043e-05 2.758433971976376409e+00 2.281972169511667037e+00
3.459999999999999964e+00 -6.343571245626122845e-05 2.757790080613684136e+00 2.294996425652461980e+00
3.466000000000000192e+00 -6.736132574003406148e-05 2.757150407962944083e+00 2.307824684232560042e+00
3.471999999999999975e+00 -7.172170343539008286e-05 2.756513387917835178e+00 2.320452008881596750e+00
3.477999999999999758e+00 -7.684331105251018812e-05 2.755878668030629530e+00 2.332874665114965218e+00
3.483999999999999986e+00 -8.167968422112537041e-05 2.755247269079328820e+00 2.345090296224625170e+00
3.490000000000000213e+00 -8.603974387222379505e-05 2.754619356748406300e+00 2.357096057745989626e+00
3.495999999999999996e+00 -9.232625494171031733e-05 2.753992503166103667e+00 2.368887111102449428e+00
3.501999999999999780e+00 -9.847959061515254575e-05 2.753368743136225927e+00 2.380462675747340828e+00
3.508000000000000007e+00 -1.024649710381630996e-04 2.752750086895574544e+00 2.391822235538865193e+00
3.514000000000000234e+00 -1.089415796711179496e-04 2.752131850993727369e+00 2.402959720070831917e+00
3.520000000000000018e+00 -1.127346358860137343e-04 2.751519186216757618e+00 2.413877869142409427e+00
3.525999999999999801e+00 -1.195013613317641443e-04 2.750906411617097813e+00 2.424570226619338520e+00
3.532000000000000028e+00 -1.191044217088155222e-04 2.750303641068149840e+00 2.435044496643066658e+00
3.538000000000000256e+00 -1.212215514891923362e-04 2.749701173636009077e+00 2.445291192701052996e+00
3.544000000000000039e+00 -1.277027075001768708e-04 2.749097136422321341e+00 2.455307937622704717e+00
3.549999999999999822e+00 -1.286295196565312438e-04 2.748501425110077889e+00 2.465103151135186188e+00
3.556000000000000050e+00 -1.314250937767269534e-04 2.747906594157403681e+00 2.474670050629794726e+00
3.562000000000000277e+00 -1.347277208347819055e-04 2.747313983084947342e+00 2.484009949263201289e+00
3.568000000000000060e+00 -1.343428217097653032e-04 2.746727764527790328e+00 2.493127008376895493e+00
3.573999999999999844e+00 -1.309354440457433100e-04 2.746147251735354899e+00 2.502021270166804090e+00
3.580000000000000071e+00 -1.254145881248724947e-04 2.745571514242322486e+00 2.510692784988250548e+00
3.586000000000000298e+00 -1.248400611983946362e-04 2.744993471011135888e+00 2.519136177159419621e+00
3.592000000000000082e+00 -1.177903004001557008e-04 2.744424522605977135e+00 2.527363222259793041e+00
3.597999999999999865e+00 -1.174602270443969587e-04 2.743851453335413915e+00 2.535363303724254447e+00
3.604000000000000092e+00 -1.106706109066379895e-04 2.743287421885105992e+00 2.543150289743884684e+00
3.610000000000000320e+00 -1.018784774529102322e-04 2.742727950907599244e+00 2.550721988523197759e+00
3.616000000000000103e+00 -9.827685860308577048e-05 2.742165827268669975e+00 2.558073770866268415e+00
3.621999999999999886e+00 -9.261202632870890739e-05 2.741608284810803653e+00 2.565214597750162806e+00
3.628000000000000114e+00 -8.466004935181459246e-05 2.741055527793712532e+00 2.572147052688338320e+00
3.634000000000000341e+00 -7.884866421825620364e-05 2.740503109020432593e+00 2.578869466057809312e+00
3.640000000000000124e+00 -7.081802835040562627e-05 2.739955369081561898e+00 2.585388520865454343e+00
3.645999999999999908e+00 -6.864776096415781126e-05 2.739404209311594673e+00 2.591699266622024656e+00
3.652000000000000135e+00 -6.162866040737569051e-05 2.738860320068966736e+00 2.597814571198496569e+00
3.657999999999999918e+00 -5.745738111562204153e-05 2.738315986056439666e+00 2.603729965547687542e+00
3.663999999999999702e+00 -5.278670684560893278e-05 2.737774536045305851e+00 2.609451481872330003e+00
3.669999999999999929e+00 -4.710363233506598135e-05 2.737236464791164892e+00 2.614982510812936312e+00
3.676000000000000156e+00 -4.550494756339062974e-05 2.736696657447178271e+00 2.620321097849061864e+00
3.681999999999999940e+00 -4.709346247322443446e-05 2.736155993336866654e+00 2.625471009874512429e+00
3.687999999999999723e+00 -4.605073613062060645e-05 2.735620273222500121e+00 2.630440757664914031e+00
3.693999999999999950e+00 -4.239700207442353985e-05 2.735089459377393784e+00 2.635233268148024610e+00
3.700000000000000178e+00 -4.280868273243143562e-05 2.734556858069106866e+00 2.639845031961235211e+00
3.705999999999999961e+00 -4.582093544636123283e-05 2.734023917011086713e+00 2.644280349108611095e+00
3.711999999999999744e+00 -4.647672445390327312e-05 2.733495576288401008e+00 2.648546897942416489e+00
3.717999999999999972e+00 -4.932383884037605526e-05 2.732967271337560344e+00 2.652643149119345178e+00
3.724000000000000199e+00 -4.954270612422817521e-05 2.732443805130656767e+00 2.656576631699855806e+00
3.729999999999999982e+00 -4.859262223844140749e-05 2.731923701943239191e+00 2.660348777202267367e+00
3.735999999999999766e+00 -5.143125690576511033e-05 2.731401987846755475e+00 2.663957583399131579e+00
3.741999999999999993e+00 -5.319394501013263721e-05 2.730883511415048037e+00 2.667410606246748639e+00
3.748000000000000220e+00 -5.211949474448474007e-05 2.730370017914146796e+00 2.670712392353116194e+00
3.754000000000000004e+00 -4.906076315203122817e-05 2.729860638724630029e+00 2.673864941169067588e+00
3.759999999999999787e+00 -4.481695334401791797e-05 2.729354559042374895e+00 2.676870308811420074e+00
3.766000000000000014e+00 -4.308346760195647107e-05 2.728848068023480788e+00 2.679727717811029919e+00
3.772000000000000242e+00 -3.928795985963517978e-05 2.728345722729765832e+00 2.682444521589673947e+00
3.778000000000000025e+00 -3.208080641625699059e-05 2.727848857656169024e+00 2.685024945224934179e+00
3.783999999999999808e+00 -2.547974242439465797e-05 2.727353440092266545e+00 2.687467956832169325e+00
3.790000000000000036e+00 -1.586408268261507715e-05 2.726863075899652600e+00 2.689780066032405159e+00
3.796000000000000263e+00 -7.874859822898372386e-06 2.726373109371861947e+00 2.691959662587970481e+00
3.802000000000000046e+00 -6.998973471894487375e-07 2.725884338159515696e+00 2.694010525332448669e+00
3.807999999999999829e+00 9.122558847440842555e-06 2.725400209636945625e+00 2.695939068943761452e+00
3.814000000000000057e+00 2.081700864309254939e-05 2.724919934068616545e+00 2.697747523846733664e+00
3.820000000000000284e+00 3.033006603470056461e-05 2.724439443975715580e+00 2.699434856786404602e+00
3.826000000000000068e+00 3.702375863667839440e-05 2.723958087433887787e+00 2.701003377831027841e+00
3.831999999999999851e+00 4.352414971631191065e-05 2.723478476693585559e+00 2.702458586950034825e+00
3.838000000000000078e+00 4.951254602802990235e-05 2.723000279386191824e+00 2.703802999598011070e+00
3.844000000000000306e+00 5.477262888309297750e-05 2.722523265653487012e+00 2.705039143006149338e+00
3.850000000000000089e+00 5.873695300673276165e-05 2.722046854644795566e+00 2.706169085295963672e+00
3.855999999999999872e+00 5.905300418929115835e-05 2.721568680573075660e+00 2.707192989341591360e+00
3.862000000000000099e+00 5.862975694004290972e-05 2.721091639270961426e+00 2.708116105613040059e+00
3.868000000000000327e+00 5.591745000277370536e-05 2.720614167964727326e+00 2.708939095200810776e+00
3.874000000000000110e+00 5.387261931444342622e-05 2.720139210305661859e+00 2.709666948075034831e+00
3.879999999999999893e+00 5.210494673679733069e-05 2.719666363217320360e+00 2.710301168997204968e+00
3.886000000000000121e+00 4.636393973500574361e-05 2.719191363573670639e+00 2.710839274710961533e+00
3.892000000000000348e+00 4.207925964871961355e-05 2.718719628525886556e+00 2.711288320637491367e+00
3.898000000000000131e+00 4.242915709262717883e-05 2.718254323936312389e+00 2.711653053348670461e+00
3.903999999999999915e+00 4.011376096402230473e-05 2.717788137665974268e+00 2.711927757843995757e+00
3.910000000000000142e+00 4.455221684729337994e-05 2.717330476711616871e+00 2.712123451719674616e+00
3.915999999999999925e+00 4.634127583535985195e-05 2.716871925793100218e+00 2.712232510077365877e+00
3.921999999999999709e+00 5.208915295451532756e-05 2.716419081210443842e+00 2.712263511133370830e+00
3.927999999999999936e+00 6.177371846538548539e-05 2.715971909033769727e+00 2.712218729689503949e+00
3.934000000000000163e+00 7.681220547350875449e-05 2.715531814809553524e+00 2.712102264361882398e+00
3.939999999999999947e+00 9.123299578606136606e-05 2.715092815345172106e+00 2.711911262182058469e+00
3.945999999999999730e+00 1.003233142795600941e-04 2.714650186401954990e+00 2.711644559375577579e+00
3.951999999999999957e+00 1.069052465636488591e-04 2.714206738711559819e+00 2.711308849878744986e+00
3.958000000000000185e+00 1.120075538989517838e-04 2.713763489789637884e+00 2.710909171518772087e+00
3.963999999999999968e+00 1.121033795050685455e-04 2.713316901640836054e+00 2.710445752289820653e+00
3.969999999999999751e+00 1.063397233305174439e-04 2.712866110232375672e+00 2.709920600148237657e+00
3.975999999999999979e+00 8.718059233725483637e-05 2.712403568643122043e+00 2.709327198661434455e+00
3.982000000000000206e+00 7.016014092942057800e-05 2.711944800202755079e+00 2.708678815961031994e+00
3.987999999999999989e+00 5.582590837560630348e-05 2.711490341728058695e+00 2.707968518844782846e+00
3.993999999999999773e+00 6.938259414646097412e-05 2.711065387297056262e+00 2.707206032082072333e+00
4.000000000000000000e+00 1.365628991165657169e-04 2.710695659089068954e+00 2.706389966065176900e+00
