[array([3.06887579, 3.0631047 , 3.05744223, 3.05188237, 3.04642611,
       3.04106778, 3.03580982, 3.03064731, 3.02557263, 3.0205889 ,
       3.01569982, 3.01089384, 3.00617233, 3.00153445, 2.99697715,
       2.99249912, 2.98809818, 2.98377283, 2.97952277, 2.97534309,
       2.9712357 , 2.96719782, 2.96322379, 2.95931936, 2.95547536,
       2.95170028, 2.94798438, 2.94432714, 2.9407325 , 2.93719316,
       2.93371581, 2.93028942, 2.92691668, 2.92359811, 2.92033187,
       2.91711206, 2.91394014, 2.91082164, 2.90774548, 2.90471582,
       2.90173346, 2.89879137, 2.89589408, 2.8930365 , 2.89022181,
       2.88744835, 2.88471507, 2.88201751, 2.87936055, 2.87674127,
       2.87415536, 2.87160846, 2.86909503, 2.8666154 , 2.86417213,
       2.86176105, 2.85938376, 2.85703751, 2.85472191, 2.85243475,
       2.8501814 , 2.84795984, 2.84575947, 2.84359449, 2.84145431,
       2.83934396, 2.83725819, 2.83520399, 2.83316798, 2.83116394,
       2.82917995, 2.82722369, 2.82529173, 2.82338424, 2.82149759,
       2.81963494, 2.81779717, 2.8159773 , 2.81418196, 2.8124061 ,
       2.81065425, 2.80892123, 2.80720762, 2.80551488, 2.80383985,
       2.80218885, 2.80055324, 2.79893832, 2.79733858, 2.7957602 ,
       2.79419612, 2.79265105, 2.79112576, 2.78961264, 2.78811762,
       2.78664201, 2.78517832, 2.7837313 , 2.7823027 , 2.78088558,
       2.77948857, 2.7780975 , 2.7767267 , 2.77537104, 2.77402871,
       2.77269939, 2.77138257, 2.77008119, 2.76879211, 2.76751721,
       2.76625368, 2.7650014 , 2.76376452, 2.76253893, 2.76132506,
       2.7601221 , 2.75893105, 2.75775468, 2.75658832, 2.7554278 ,
       2.7542834 , 2.7531511 , 2.75202804, 2.75091157, 2.7498066 ,
       2.74871651, 2.74763114, 2.74655937, 2.74549264, 2.74444064,
       2.74339603, 2.74236111, 2.74133527, 2.7403184 , 2.73930947,
       2.7383097 , 2.73731999, 2.73633819, 2.73536364, 2.73439852,
       2.73343853, 2.73249212, 2.73154885, 2.73061709, 2.72969159,
       2.72877185, 2.7278604 , 2.72695671, 2.72606269, 2.72517224,
       2.72429049, 2.72341482, 2.72255026, 2.72168652, 2.72083163,
       2.71998435, 2.71914494, 2.71830806, 2.71748138, 2.7166602 ,
       2.71584087, 2.71503352, 2.71422796, 2.71343132, 2.71263869,
       2.71185276, 2.71107424, 2.71029592, 2.70952797, 2.70876348,
       2.70800602, 2.70725402, 2.70650569, 2.70576407, 2.70502654,
       2.70429137, 2.70356674, 2.70284151, 2.70212723, 2.70141313,
       2.70070504, 2.70000237, 2.69930237, 2.69861204, 2.697923  ,
       2.69723654, 2.69655725, 2.69587851, 2.6952081 , 2.69453893,
       2.69387695, 2.69321719, 2.69256229, 2.69191274, 2.69126325,
       2.69062133, 2.68998269, 2.68934741, 2.68871812, 2.68808756,
       2.68746314]), array([3.01107551, 3.00602246, 3.00106103, 2.99619577, 2.99141786,
       2.9867303 , 2.9821266 , 2.97761121, 2.97317769, 2.96882146,
       2.96454719, 2.96034495, 2.95622001, 2.95217225, 2.94819162,
       2.94428055, 2.94044155, 2.93666598, 2.93295784, 2.92931271,
       2.92572998, 2.92220835, 2.91874868, 2.91534475, 2.91199854,
       2.90870985, 2.90547135, 2.90228987, 2.89915975, 2.89608089,
       2.89305269, 2.89007232, 2.88714195, 2.88425722, 2.88141687,
       2.87861946, 2.8758657 , 2.87314961, 2.87047671, 2.86784179,
       2.86524683, 2.86268914, 2.86016917, 2.85768545, 2.85523788,
       2.85282446, 2.850444  , 2.84809835, 2.8457873 , 2.8435062 ,
       2.84125885, 2.83904091, 2.83685487, 2.83469839, 2.83257265,
       2.8304725 , 2.82840292, 2.82635932, 2.82434308, 2.82235341,
       2.82039109, 2.81845254, 2.81654053, 2.81465291, 2.81278959,
       2.81094769, 2.80913318, 2.80733836, 2.80557018, 2.80381981,
       2.80209164, 2.80038448, 2.79869988, 2.79703663, 2.79539199,
       2.79376702, 2.79216308, 2.79057646, 2.78900903, 2.78745982,
       2.78592733, 2.78441614, 2.78292066, 2.7814424 , 2.77998124,
       2.77853609, 2.77710899, 2.77569506, 2.7742975 , 2.77291817,
       2.77154961, 2.77020329, 2.76886496, 2.76754316, 2.76623716,
       2.7649412 , 2.76366407, 2.76239736, 2.76114445, 2.75990523,
       2.75867771, 2.75746441, 2.75626227, 2.7550735 , 2.75389884,
       2.75273351, 2.75158022, 2.75043485, 2.74930536, 2.74818754,
       2.7470789 , 2.74598249, 2.74489559, 2.74381961, 2.74275303,
       2.74169652, 2.7406517 , 2.73961458, 2.73858799, 2.73757067,
       2.73656543, 2.73556681, 2.73457652, 2.73359594, 2.73262637,
       2.73166269, 2.73070797, 2.7297661 , 2.72882754, 2.72789751,
       2.72697789, 2.72606434, 2.72515986, 2.72426319, 2.72337237,
       2.72249081, 2.72161679, 2.72075233, 2.71989038, 2.71903774,
       2.71819198, 2.71735055, 2.71651819, 2.71569212, 2.71487517,
       2.71406265, 2.71325716, 2.71245797, 2.71166472, 2.7108754 ,
       2.71009525, 2.70932053, 2.70855134, 2.70778567, 2.70703092,
       2.70627764, 2.70552951, 2.70478847, 2.70405441, 2.70332444,
       2.70260048, 2.7018799 , 2.7011644 , 2.70045571, 2.6997508 ,
       2.6990508 , 2.69835777, 2.69766783, 2.69698367, 2.69630196,
       2.69562548, 2.69495479, 2.69428686, 2.69362536, 2.69296626,
       2.69231336, 2.69166523, 2.69102139, 2.69037834, 2.68974345,
       2.68911072, 2.68847944, 2.68785613, 2.68723646, 2.68661803,
       2.68600781, 2.68539723, 2.68479088, 2.68418946, 2.68359181,
       2.68299613, 2.68240633, 2.6818191 , 2.68123273, 2.68065484,
       2.68007704, 2.67950245, 2.67893128, 2.67836434, 2.67779999,
       2.67723954]), array([2.98460706, 2.97989302, 2.97527051, 2.9707321 , 2.96628279,
       2.96191095, 2.95762212, 2.9534127 , 2.94928105, 2.94522254,
       2.94123805, 2.93732321, 2.93347912, 2.92970798, 2.92600026,
       2.92235847, 2.9187801 , 2.91526864, 2.91181255, 2.90841835,
       2.90508158, 2.90180171, 2.89857911, 2.89541065, 2.89229727,
       2.8892338 , 2.88622113, 2.88325983, 2.88034722, 2.87748261,
       2.87466319, 2.87188936, 2.86916258, 2.86647896, 2.86383614,
       2.86123266, 2.85866772, 2.85614186, 2.85365225, 2.85120243,
       2.84878566, 2.84640787, 2.84405865, 2.84174687, 2.83946981,
       2.83722263, 2.83500788, 2.83282452, 2.83066897, 2.82854812,
       2.82645426, 2.82438922, 2.82235031, 2.8203434 , 2.81835958,
       2.81640621, 2.81447545, 2.81257442, 2.81069512, 2.80884149,
       2.80701069, 2.80520606, 2.80342383, 2.80166578, 2.79992649,
       2.79821256, 2.79651832, 2.79484608, 2.79319513, 2.79156529,
       2.78995288, 2.78836071, 2.78679021, 2.7852353 , 2.78370292,
       2.78218667, 2.78068956, 2.7792083 , 2.7777463 , 2.77630229,
       2.77487268, 2.77345915, 2.77206347, 2.77068359, 2.76931876,
       2.76797205, 2.76663727, 2.76531699, 2.76401216, 2.76272149,
       2.76144628, 2.76018124, 2.75893388, 2.75769987, 2.75647642,
       2.75526734, 2.75407174, 2.75288841, 2.75171614, 2.75055558,
       2.74941102, 2.7482731 , 2.74715061, 2.74603769, 2.74493472,
       2.74384546, 2.74276447, 2.74169717, 2.74063945, 2.73959052,
       2.73855345, 2.7375217 , 2.7365091 , 2.73549918, 2.7344978 ,
       2.73351018, 2.73252961, 2.73155847, 2.73059818, 2.72964176,
       2.72869699, 2.72776401, 2.72683313, 2.72591353, 2.725004  ,
       2.72409804, 2.72320562, 2.72231765, 2.7214391 , 2.72056517,
       2.71970207, 2.71884611, 2.71799428, 2.71715186, 2.71631544,
       2.71548934, 2.71466345, 2.71384879, 2.71304258, 2.71223902,
       2.71144258, 2.71065444, 2.70987061, 2.70909332, 2.70832435,
       2.70755535, 2.70679925, 2.70604524, 2.7053006 , 2.70455961,
       2.70382223, 2.70309149, 2.70236812, 2.70164967, 2.70093284,
       2.70022316, 2.69951982, 2.69882297, 2.6981279 , 2.69744015,
       2.69675463, 2.69607758, 2.69540005, 2.69473421, 2.69406746,
       2.69340607, 2.69275196, 2.69210125, 2.69145124, 2.69080844,
       2.69016993, 2.68953548, 2.68890781, 2.68827935, 2.6876587 ,
       2.68703989, 2.68642581, 2.68581625, 2.68520906, 2.68460773,
       2.68400853, 2.68341155, 2.68282339, 2.68223447, 2.68164845,
       2.68106684, 2.68049145, 2.67991778, 2.67934406, 2.67878054,
       2.67821557, 2.67765437, 2.67709715, 2.67654182, 2.67599198,
       2.67544335, 2.67489951, 2.67435886, 2.67381672, 2.67328419,
       2.67274889]), array([2.97915328, 2.97453413, 2.97000302, 2.96555877, 2.96119387,
       2.95691166, 2.95270557, 2.94857594, 2.94452349, 2.94054291,
       2.93663442, 2.93279646, 2.92902685, 2.92532608, 2.92168733,
       2.91811505, 2.9146006 , 2.91115152, 2.90776089, 2.90442734,
       2.90115254, 2.89793273, 2.89476698, 2.89165268, 2.8885935 ,
       2.88558249, 2.88262459, 2.87971408, 2.87685035, 2.87403598,
       2.87126269, 2.86853643, 2.86585556, 2.86321446, 2.86061829,
       2.85805604, 2.85553556, 2.85304864, 2.85060173, 2.84819017,
       2.84581174, 2.84347235, 2.84116223, 2.83888775, 2.8366458 ,
       2.83443507, 2.83225632, 2.83010441, 2.82798758, 2.825897  ,
       2.82383775, 2.82180454, 2.81979928, 2.81782459, 2.81587395,
       2.81394698, 2.81204986, 2.81017451, 2.8083246 , 2.80649885,
       2.80469802, 2.80291943, 2.80116606, 2.79943304, 2.79772087,
       2.7960309 , 2.79436551, 2.79271822, 2.79109086, 2.78948324,
       2.78789698, 2.78632952, 2.78477892, 2.78325124, 2.78173848,
       2.7802453 , 2.77877082, 2.7773106 , 2.77586837, 2.77444588,
       2.7730376 , 2.77164368, 2.77026952, 2.76890817, 2.76756234,
       2.76623318, 2.76491819, 2.76361853, 2.76233138, 2.76105755,
       2.75980021, 2.75855796, 2.75732587, 2.75610305, 2.75489978,
       2.75370981, 2.7525291 , 2.75136044, 2.75020305, 2.74906045,
       2.74793017, 2.74681109, 2.74570256, 2.74460252, 2.74351512,
       2.74243958, 2.74137364, 2.74031743, 2.73927432, 2.73824176,
       2.73721744, 2.73620318, 2.73519727, 2.73420163, 2.73321318,
       2.73223652, 2.73126895, 2.73031374, 2.72936322, 2.72841792,
       2.72748797, 2.7265608 , 2.72564573, 2.72473939, 2.72383735,
       2.72294899, 2.72206227, 2.72118671, 2.72031782, 2.71945456,
       2.7186014 , 2.71775466, 2.71691437, 2.71608144, 2.71525501,
       2.71443687, 2.71362556, 2.71281879, 2.71201872, 2.71122761,
       2.71043888, 2.70966135, 2.70888577, 2.70811844, 2.70735631,
       2.70659988, 2.70584934, 2.70510536, 2.7043664 , 2.703634  ,
       2.70290313, 2.70218406, 2.7014659 , 2.70075435, 2.70004896,
       2.69934714, 2.69865059, 2.69795982, 2.69727305, 2.69659148,
       2.69591537, 2.69524424, 2.69457478, 2.69391205, 2.69325525,
       2.69260147, 2.69195315, 2.69130755, 2.69066592, 2.69003102,
       2.68939722, 2.68876807, 2.68814763, 2.68752742, 2.68691091,
       2.68630007, 2.68569098, 2.68508672, 2.68448682, 2.68388902,
       2.68329605, 2.68270625, 2.68212304, 2.68153894, 2.68096037,
       2.6803834 , 2.67981362, 2.67924473, 2.67868235, 2.67811568,
       2.67755923, 2.67700431, 2.67645075, 2.67590276, 2.6753559 ,
       2.67481316, 2.67427442, 2.67373514, 2.67320171, 2.67267156,
       2.67214339]), array([2.98367539, 2.97903884, 2.97448802, 2.97002028, 2.96563241,
       2.96133135, 2.95710084, 2.95295019, 2.94887617, 2.94487406,
       2.94094202, 2.93707889, 2.93328556, 2.9295567 , 2.92589565,
       2.92229664, 2.91875826, 2.91528106, 2.91186302, 2.90850426,
       2.9052032 , 2.90195732, 2.89876461, 2.89562483, 2.89253577,
       2.88949877, 2.88651288, 2.88357349, 2.88068053, 2.8778367 ,
       2.87503647, 2.87228032, 2.86957289, 2.86690214, 2.86427332,
       2.86168434, 2.85913405, 2.85662284, 2.85414868, 2.8517099 ,
       2.8493058 , 2.84693519, 2.84460186, 2.84230039, 2.84003192,
       2.83779605, 2.83559071, 2.8334186 , 2.8312736 , 2.82915947,
       2.82707428, 2.82501901, 2.82299198, 2.82098935, 2.81901619,
       2.81706672, 2.81514556, 2.81324898, 2.81137701, 2.8095307 ,
       2.80770614, 2.8059071 , 2.80413022, 2.8023777 , 2.80064351,
       2.79893555, 2.79724822, 2.7955781 , 2.79393206, 2.79230558,
       2.79069782, 2.78911215, 2.78754346, 2.78599415, 2.78446221,
       2.78295096, 2.78145608, 2.7799812 , 2.77852135, 2.77707878,
       2.77565196, 2.77423971, 2.77284803, 2.77147119, 2.77010727,
       2.76876055, 2.76742815, 2.76611071, 2.76480903, 2.76351925,
       2.76224309, 2.76098447, 2.75973471, 2.7585022 , 2.75728075,
       2.75607234, 2.75487688, 2.75369466, 2.7525261 , 2.75136619,
       2.75022186, 2.74908449, 2.74795966, 2.74684839, 2.74574669,
       2.74465772, 2.74357756, 2.74251004, 2.74145023, 2.74040269,
       2.73936418, 2.73833606, 2.73731664, 2.73630867, 2.73530878,
       2.73432035, 2.73334089, 2.73236656, 2.73140509, 2.73045188,
       2.72950543, 2.72857003, 2.72764126, 2.72671989, 2.72580952,
       2.72490544, 2.72401141, 2.72312207, 2.72223917, 2.72136542,
       2.72049844, 2.71964348, 2.71879202, 2.7179488 , 2.7171123 ,
       2.716281  , 2.7154576 , 2.71464063, 2.71383318, 2.71302795,
       2.71222963, 2.71144139, 2.71065529, 2.70987765, 2.70910538,
       2.70834061, 2.70757901, 2.70682493, 2.70607741, 2.70533412,
       2.70459614, 2.70386855, 2.70313895, 2.70241688, 2.70170124,
       2.70099082, 2.70028647, 2.69958632, 2.69888928, 2.69819937,
       2.69751427, 2.69683305, 2.69615768, 2.69548587, 2.69481805,
       2.69415687, 2.69350076, 2.69284569, 2.69219729, 2.69155186,
       2.69091156, 2.69027515, 2.68964234, 2.68901423, 2.68839114,
       2.68777262, 2.68715519, 2.68654423, 2.68593618, 2.68533065,
       2.68472872, 2.68413395, 2.68354002, 2.68294905, 2.68236266,
       2.68178132, 2.68120003, 2.68062437, 2.68005484, 2.67948658,
       2.67891864, 2.67835735, 2.67779874, 2.67724187, 2.67668794,
       2.67613871, 2.6755898 , 2.67504948, 2.67450688, 2.67396938,
       2.67343448]), array([2.99045689, 2.98577945, 2.98118912, 2.97667665, 2.97225181,
       2.96790475, 2.96363592, 2.9594426 , 2.95532547, 2.95127985,
       2.94730465, 2.94340071, 2.93956148, 2.93579285, 2.9320867 ,
       2.92844211, 2.92486373, 2.92134244, 2.9178821 , 2.91447861,
       2.91113101, 2.90784138, 2.90460407, 2.90141829, 2.89828797,
       2.89520538, 2.89217748, 2.88919092, 2.88625407, 2.88336594,
       2.88052225, 2.87772277, 2.87496693, 2.87225431, 2.86958213,
       2.86695093, 2.86435861, 2.8618026 , 2.85928486, 2.85680431,
       2.85436032, 2.85195125, 2.8495763 , 2.84723689, 2.84493042,
       2.84265446, 2.84041134, 2.83819981, 2.83602011, 2.83386716,
       2.83174693, 2.82965384, 2.82758959, 2.82555256, 2.82354191,
       2.82156238, 2.81960707, 2.81767844, 2.81577164, 2.81389111,
       2.81203386, 2.81020273, 2.80839431, 2.80660927, 2.8048467 ,
       2.80310502, 2.80138516, 2.79968648, 2.79801022, 2.79635316,
       2.79471859, 2.79310458, 2.79150558, 2.78992706, 2.78837034,
       2.7868288 , 2.78530716, 2.7838022 , 2.78231601, 2.78084522,
       2.77939388, 2.7779563 , 2.7765367 , 2.77513489, 2.77374749,
       2.77237418, 2.77101874, 2.76967592, 2.76834658, 2.76703322,
       2.76573748, 2.76445264, 2.76317997, 2.76192314, 2.76067869,
       2.75944938, 2.75823223, 2.75702417, 2.75583309, 2.75465191,
       2.75348206, 2.75232711, 2.75118135, 2.75004813, 2.74892497,
       2.74781416, 2.74671381, 2.74562728, 2.74454695, 2.74347671,
       2.74242033, 2.74137349, 2.74033614, 2.73930816, 2.7382889 ,
       2.73727902, 2.73628311, 2.73529199, 2.73431047, 2.7333375 ,
       2.73237289, 2.73141858, 2.73047474, 2.72953565, 2.7286077 ,
       2.72768662, 2.72677077, 2.72586824, 2.72496942, 2.7240814 ,
       2.72319665, 2.72232566, 2.72145696, 2.72059719, 2.71974292,
       2.71889567, 2.71805989, 2.71722593, 2.71640138, 2.71558332,
       2.7147687 , 2.71396417, 2.71316738, 2.71237329, 2.7115864 ,
       2.71080667, 2.7100316 , 2.70926303, 2.70849576, 2.70774239,
       2.70699074, 2.70624549, 2.70550674, 2.70477047, 2.70404107,
       2.70331766, 2.70260015, 2.70188836, 2.70117665, 2.70047159,
       2.69977407, 2.69908155, 2.69839384, 2.69770761, 2.69702869,
       2.69635565, 2.69568335, 2.69502054, 2.69435906, 2.69370114,
       2.6930497 , 2.69240163, 2.69175957, 2.69111754, 2.69048385,
       2.68985267, 2.6892263 , 2.68860027, 2.6879828 , 2.68736582,
       2.68675643, 2.68614855, 2.68554383, 2.68494266, 2.68434518,
       2.6837516 , 2.68316291, 2.68257713, 2.68199528, 2.68141641,
       2.68083921, 2.68026606, 2.67969693, 2.67913097, 2.67857097,
       2.67800803, 2.67745138, 2.67689864, 2.67634987, 2.67580069,
       2.67525611]), array([2.99281116, 2.98814339, 2.98356051, 2.97906068, 2.97464144,
       2.97030162, 2.96603855, 2.96185062, 2.95773713, 2.95369597,
       2.94972195, 2.94581986, 2.94198245, 2.93821397, 2.93450662,
       2.93086247, 2.92727856, 2.9237559 , 2.92029043, 2.91688632,
       2.91353523, 2.91023766, 2.90699525, 2.90380502, 2.9006658 ,
       2.89757634, 2.89453774, 2.89154628, 2.88860114, 2.88570107,
       2.88284823, 2.88003973, 2.87727455, 2.87454723, 2.87186589,
       2.86922249, 2.86661903, 2.86405294, 2.86152565, 2.85903392,
       2.85657932, 2.85415885, 2.85177472, 2.84942216, 2.84710496,
       2.84481682, 2.84256479, 2.84034601, 2.83815053, 2.8359895 ,
       2.83385723, 2.83175515, 2.82968238, 2.82763451, 2.82561381,
       2.82362206, 2.82165657, 2.81971447, 2.81780143, 2.8159117 ,
       2.814047  , 2.81220177, 2.81038462, 2.80858926, 2.80681644,
       2.80506474, 2.80333296, 2.80162638, 2.79994115, 2.79827495,
       2.79662677, 2.79500225, 2.79339701, 2.79181051, 2.79024254,
       2.78869191, 2.78716136, 2.7856451 , 2.7841526 , 2.78267263,
       2.78121233, 2.77976499, 2.77833664, 2.7769259 , 2.77552621,
       2.77414527, 2.77278014, 2.77142923, 2.77009026, 2.76877149,
       2.76746284, 2.76617082, 2.7648908 , 2.76362468, 2.76237269,
       2.76113509, 2.75990658, 2.75869382, 2.75749224, 2.75630375,
       2.75512704, 2.75396206, 2.7528084 , 2.75166687, 2.75053805,
       2.74941847, 2.74831092, 2.74721284, 2.74612839, 2.7450508 ,
       2.74398654, 2.7429303 , 2.74188502, 2.74084947, 2.7398246 ,
       2.73881028, 2.73780012, 2.73680238, 2.73581355, 2.73483484,
       2.73386731, 2.73290436, 2.73194876, 2.73100689, 2.73006829,
       2.7291413 , 2.72821985, 2.72730723, 2.72640394, 2.72550752,
       2.72461696, 2.72373759, 2.72286248, 2.72199525, 2.72113553,
       2.72028402, 2.71943828, 2.71860182, 2.71776797, 2.71694346,
       2.7161252 , 2.71531153, 2.7145044 , 2.71370704, 2.71291212,
       2.71212773, 2.7113478 , 2.71057242, 2.70980127, 2.70903978,
       2.70828158, 2.70753034, 2.70678419, 2.70604472, 2.70530904,
       2.70457542, 2.70385535, 2.70313638, 2.70242209, 2.70171091,
       2.7010078 , 2.70030946, 2.69961373, 2.69892424, 2.69824039,
       2.69755934, 2.69688517, 2.69621241, 2.69554879, 2.69488272,
       2.69422816, 2.69357389, 2.69292638, 2.6922818 , 2.69163867,
       2.69100309, 2.69037022, 2.6897421 , 2.68911804, 2.68849866,
       2.68788254, 2.68726754, 2.68665767, 2.68605417, 2.68545334,
       2.68485341, 2.68425899, 2.68366693, 2.68308018, 2.68249622,
       2.68191498, 2.68133913, 2.68076563, 2.6801953 , 2.67962655,
       2.67906113, 2.67850203, 2.67794371, 2.67738845, 2.67683729,
       2.67629029]), array([2.98718193, 2.98261096, 2.97812305, 2.97371368, 2.9693853 ,
       2.96513293, 2.96095606, 2.95685166, 2.95281991, 2.9488572 ,
       2.94496344, 2.94113567, 2.93737301, 2.93368002, 2.93004292,
       2.92647114, 2.92295551, 2.91949946, 2.91610085, 2.91275796,
       2.90947134, 2.90623558, 2.90305283, 2.89992262, 2.89684119,
       2.89380898, 2.89082559, 2.88788574, 2.88499573, 2.88214673,
       2.87934645, 2.87658753, 2.87386758, 2.87119197, 2.86855494,
       2.86595745, 2.86339753, 2.86087795, 2.85839322, 2.85594551,
       2.85353308, 2.85115285, 2.84880834, 2.84649734, 2.84421742,
       2.84197205, 2.83975646, 2.83757041, 2.83541641, 2.83329153,
       2.83119378, 2.82912588, 2.827086  , 2.82507254, 2.82308742,
       2.82112564, 2.81919244, 2.81728501, 2.81539917, 2.81353887,
       2.8117041 , 2.80989193, 2.80810047, 2.80633393, 2.80458927,
       2.80286661, 2.8011645 , 2.79948236, 2.79782123, 2.79618605,
       2.79456376, 2.79296422, 2.79138142, 2.78982027, 2.78827575,
       2.78674765, 2.785241  , 2.78375037, 2.7822766 , 2.78082025,
       2.77937901, 2.77795622, 2.77655063, 2.77515948, 2.77378012,
       2.77241972, 2.77107575, 2.76974327, 2.76842732, 2.76712443,
       2.76583568, 2.76456224, 2.76330074, 2.76205421, 2.76081786,
       2.75959665, 2.75838808, 2.75719249, 2.75600725, 2.75483304,
       2.75367427, 2.75252661, 2.75138964, 2.75026461, 2.74915003,
       2.74804467, 2.74695251, 2.74587086, 2.74479868, 2.74373565,
       2.74268558, 2.74164344, 2.7406118 , 2.73959057, 2.73857591,
       2.73757432, 2.73658049, 2.73559507, 2.73461997, 2.73365385,
       2.73269597, 2.73174703, 2.7308054 , 2.72987217, 2.72894875,
       2.7280315 , 2.72712498, 2.72622273, 2.7253288 , 2.72444352,
       2.72356618, 2.72269383, 2.72183285, 2.7209746 , 2.72012817,
       2.71928369, 2.71845132, 2.71761821, 2.71679847, 2.71598317,
       2.7151755 , 2.71436913, 2.71357569, 2.71278421, 2.71200033,
       2.7112218 , 2.71045208, 2.70968506, 2.70892617, 2.70817065,
       2.70742298, 2.70667837, 2.7059418 , 2.70520766, 2.7044804 ,
       2.70376104, 2.70304192, 2.70233228, 2.70162614, 2.70092429,
       2.70022775, 2.6995339 , 2.69884857, 2.69816558, 2.69748895,
       2.69681661, 2.69614658, 2.69548315, 2.69482302, 2.69416985,
       2.69351917, 2.69287029, 2.69222916, 2.69159112, 2.69095661,
       2.69032644, 2.68969885, 2.68907765, 2.6884591 , 2.68784395,
       2.68723409, 2.68662873, 2.68602305, 2.68542396, 2.6848294 ,
       2.68423643, 2.6836476 , 2.68306327, 2.68247944, 2.68190064,
       2.68132608, 2.68075504, 2.6801841 , 2.6796182 , 2.67905553,
       2.67849861, 2.67793967, 2.67738851, 2.6768402 , 2.67629096,
       2.6757468 ]), array([2.97272469, 2.9683392 , 2.9640334 , 2.95980192, 2.95565196,
       2.95157315, 2.94756762, 2.94363111, 2.93976714, 2.93596466,
       2.93223033, 2.92856162, 2.92495623, 2.92141015, 2.91792302,
       2.91449683, 2.91112933, 2.90781456, 2.90455672, 2.90135118,
       2.89820276, 2.89509878, 2.89204732, 2.88904714, 2.88609359,
       2.88318577, 2.88032488, 2.8775079 , 2.87473784, 2.8720094 ,
       2.86932475, 2.86668025, 2.86407226, 2.86150575, 2.85898335,
       2.85649386, 2.85403866, 2.85162239, 2.84924415, 2.84689569,
       2.84458317, 2.84230152, 2.84005371, 2.83783544, 2.83565184,
       2.83349864, 2.83137429, 2.82927758, 2.82721181, 2.82517326,
       2.82316175, 2.82118091, 2.81922139, 2.81729148, 2.81538505,
       2.81350458, 2.81164891, 2.80981642, 2.80801188, 2.80622457,
       2.80446262, 2.80272292, 2.80100372, 2.79931227, 2.79763566,
       2.79598046, 2.79434927, 2.79273255, 2.79114012, 2.78956444,
       2.7880104 , 2.78647173, 2.78495422, 2.78345182, 2.78196903,
       2.78050458, 2.77905582, 2.77762356, 2.77621013, 2.7748085 ,
       2.77342669, 2.77205531, 2.77070471, 2.76936799, 2.76804596,
       2.76673604, 2.76544169, 2.76416419, 2.76289642, 2.76164424,
       2.76040486, 2.75917963, 2.75796814, 2.75676697, 2.7555806 ,
       2.75440527, 2.75324276, 2.75209   , 2.75094845, 2.74982266,
       2.74870637, 2.7476004 , 2.74650396, 2.74542379, 2.74435   ,
       2.74328859, 2.74223641, 2.74119367, 2.74016163, 2.73913988,
       2.73812604, 2.73712219, 2.7361292 , 2.73514534, 2.73416896,
       2.7332028 , 2.73224642, 2.73129762, 2.73035688, 2.72942455,
       2.7285016 , 2.72758528, 2.72667679, 2.72577786, 2.72488559,
       2.72400136, 2.72312404, 2.72225878, 2.72139491, 2.72054068,
       2.71969482, 2.71885391, 2.71802072, 2.71719369, 2.71637416,
       2.71556217, 2.71475327, 2.7139543 , 2.71315977, 2.71237277,
       2.71158968, 2.71081514, 2.71004931, 2.70928263, 2.70852678,
       2.70777303, 2.70703043, 2.70628957, 2.70555515, 2.70482484,
       2.70409686, 2.70338149, 2.70266771, 2.70196074, 2.70125603,
       2.70055836, 2.69986606, 2.69917656, 2.698496  , 2.69781376,
       2.69713876, 2.6964705 , 2.69580571, 2.6951439 , 2.69448935,
       2.69383575, 2.69318877, 2.69254762, 2.69190492, 2.69127294,
       2.69064197, 2.69001533, 2.68939298, 2.6887753 , 2.68816086,
       2.68754996, 2.68694143, 2.68634095, 2.68573883, 2.68514544,
       2.68455063, 2.68396091, 2.68337654, 2.68279468, 2.68221514,
       2.68164159, 2.68106851, 2.68050143, 2.67993612, 2.67937282,
       2.67881544, 2.67825995, 2.67771113, 2.67715765, 2.67661334,
       2.67606749, 2.67552995, 2.67499291, 2.67445931, 2.67392655,
       2.67339577]), array([2.9516339 , 2.94749781, 2.94343571, 2.93944904, 2.9355301 ,
       2.93168596, 2.92790981, 2.9242002 , 2.92055571, 2.91697456,
       2.9134569 , 2.91000066, 2.90660345, 2.90326563, 2.89998651,
       2.89676035, 2.89359069, 2.89046782, 2.88740624, 2.88439277,
       2.88142914, 2.87851189, 2.87564322, 2.87282451, 2.87004564,
       2.86731575, 2.86462777, 2.86198645, 2.85938105, 2.85681793,
       2.85429809, 2.85181606, 2.84936925, 2.84696401, 2.84459258,
       2.84225659, 2.83995598, 2.83768858, 2.8354533 , 2.83325041,
       2.83108066, 2.82893926, 2.8268286 , 2.82474958, 2.82269732,
       2.82067687, 2.81868104, 2.81671449, 2.81477655, 2.81286156,
       2.81097336, 2.80911183, 2.80727434, 2.80545975, 2.80367189,
       2.80190585, 2.80016496, 2.7984416 , 2.79674544, 2.79507074,
       2.79341472, 2.7917807 , 2.79016858, 2.78857377, 2.78700076,
       2.78544798, 2.7839113 , 2.78239424, 2.78089507, 2.77941741,
       2.77795423, 2.77650948, 2.77508257, 2.77367285, 2.77227723,
       2.77089911, 2.76953604, 2.76819085, 2.76685891, 2.76554172,
       2.76424259, 2.76295242, 2.76168274, 2.76042507, 2.75917897,
       2.75794912, 2.75672842, 2.75552628, 2.75433347, 2.75315487,
       2.75198982, 2.75083549, 2.74969387, 2.74856258, 2.74744818,
       2.74633801, 2.7452422 , 2.74415919, 2.74308363, 2.74202165,
       2.74097063, 2.73992856, 2.73889609, 2.73787477, 2.7368621 ,
       2.73586019, 2.73486979, 2.73388796, 2.73291216, 2.73194993,
       2.73099276, 2.73004541, 2.72910874, 2.72818022, 2.72725987,
       2.72634704, 2.72544233, 2.72454797, 2.72365983, 2.72277902,
       2.72190734, 2.72104125, 2.72018386, 2.71933392, 2.71849241,
       2.71765476, 2.71682955, 2.71600699, 2.71519117, 2.71438313,
       2.71358201, 2.7127864 , 2.71199994, 2.71121581, 2.71044214,
       2.70967196, 2.70891068, 2.7081533 , 2.70739918, 2.70665582,
       2.70591407, 2.70518065, 2.70445103, 2.70372618, 2.70300951,
       2.70229859, 2.70159044, 2.70088972, 2.70019394, 2.6995017 ,
       2.69881309, 2.69813213, 2.69745535, 2.69678525, 2.69611567,
       2.69545292, 2.69479395, 2.69414087, 2.69349183, 2.6928456 ,
       2.69220776, 2.69157217, 2.69093813, 2.69031292, 2.68968956,
       2.68906916, 2.68845538, 2.68784336, 2.68723445, 2.68663121,
       2.68603084, 2.68543442, 2.68484398, 2.6842536 , 2.68366932,
       2.68308713, 2.68250911, 2.68193447, 2.68136382, 2.68079689,
       2.68023072, 2.67967081, 2.67911157, 2.6785603 , 2.67800648,
       2.67745992, 2.67691385, 2.67637168, 2.67583413, 2.67529819,
       2.67476366, 2.67423409, 2.67370641, 2.67318411, 2.67266104,
       2.67214256, 2.67162703, 2.67111073, 2.67060084, 2.67009252,
       2.66958866]), array([2.92859028, 2.92470536, 2.92089412, 2.91715004, 2.91347653,
       2.90987012, 2.90632868, 2.90284975, 2.89943691, 2.89608298,
       2.89278872, 2.88955553, 2.8863742 , 2.88325248, 2.88018172,
       2.87716806, 2.8742063 , 2.87129058, 2.86842961, 2.86561233,
       2.86284844, 2.86012871, 2.85745415, 2.85482162, 2.85223429,
       2.8496899 , 2.84718632, 2.84472375, 2.8423019 , 2.8399182 ,
       2.83757145, 2.83526226, 2.83298813, 2.83075276, 2.82854805,
       2.82637824, 2.8242401 , 2.82213092, 2.82005319, 2.81800639,
       2.81598708, 2.81400121, 2.81204036, 2.81010635, 2.8081996 ,
       2.80631902, 2.80446679, 2.80263793, 2.80083619, 2.79905692,
       2.79730356, 2.7955697 , 2.7938611 , 2.79217542, 2.79051443,
       2.7888726 , 2.78725168, 2.78565391, 2.78407312, 2.78251357,
       2.78097519, 2.77945679, 2.77795661, 2.77647294, 2.7750118 ,
       2.77356471, 2.77213725, 2.77072875, 2.76933432, 2.76795684,
       2.76659705, 2.76525395, 2.76392438, 2.76261141, 2.76131226,
       2.76003086, 2.75876492, 2.75751026, 2.75627064, 2.75504343,
       2.75383376, 2.75263437, 2.7514508 , 2.75028023, 2.7491187 ,
       2.74797614, 2.74683997, 2.74571767, 2.7446066 , 2.74350927,
       2.74242316, 2.74134511, 2.74028256, 2.73922894, 2.73818656,
       2.73715401, 2.73613243, 2.7351206 , 2.73411952, 2.73313096,
       2.73214915, 2.73117566, 2.73021305, 2.72926   , 2.72831681,
       2.72738087, 2.72645818, 2.72553933, 2.72462939, 2.72372828,
       2.72283689, 2.7219536 , 2.72107771, 2.72021201, 2.71935068,
       2.71849754, 2.71765403, 2.71681582, 2.71598543, 2.71516195,
       2.71434617, 2.71353625, 2.71273538, 2.71194037, 2.71115424,
       2.71037013, 2.70959512, 2.70882726, 2.70806324, 2.70730752,
       2.70655801, 2.70581352, 2.70507454, 2.70434174, 2.70361526,
       2.70289316, 2.70217911, 2.70146874, 2.7007654 , 2.70006459,
       2.69937296, 2.69868362, 2.69799969, 2.6973217 , 2.69665018,
       2.69597978, 2.69531444, 2.69465709, 2.69400202, 2.69335347,
       2.69270919, 2.69206686, 2.69143149, 2.69080175, 2.69017285,
       2.68955088, 2.68893065, 2.68831762, 2.68770602, 2.68710066,
       2.68649703, 2.68589867, 2.68530321, 2.68471417, 2.68412714,
       2.68354343, 2.68296344, 2.68238825, 2.68181617, 2.68124782,
       2.68068034, 2.68011999, 2.67956244, 2.67900657, 2.67845614,
       2.67790563, 2.6773616 , 2.67681947, 2.67627919, 2.67574373,
       2.67521113, 2.67468147, 2.67415319, 2.67363049, 2.67311048,
       2.67259205, 2.67207638, 2.67156376, 2.6710546 , 2.6705469 ,
       2.67004384, 2.66954221, 2.66904302, 2.66854756, 2.66805414,
       2.66755959, 2.66707406, 2.66658796, 2.6661052 , 2.66562239,
       2.66514256]), array([2.91001877, 2.90631161, 2.90267655, 2.89910906, 2.89561127,
       2.89217698, 2.88880404, 2.88549646, 2.8822502 , 2.87906115,
       2.87593116, 2.87285705, 2.86983991, 2.86687827, 2.86396478,
       2.86110783, 2.85829873, 2.85553922, 2.8528274 , 2.85016388,
       2.84754564, 2.84497388, 2.84244513, 2.83995866, 2.83751776,
       2.83511381, 2.83275214, 2.83042964, 2.82814473, 2.82589979,
       2.82368814, 2.82151481, 2.81937599, 2.81727009, 2.81520114,
       2.81315642, 2.8111475 , 2.80916364, 2.80720816, 2.80528567,
       2.80338845, 2.80151884, 2.7996746 , 2.79785794, 2.79606413,
       2.79429638, 2.79255482, 2.79083692, 2.78914191, 2.78746914,
       2.78581877, 2.78419308, 2.78258711, 2.78100019, 2.77943956,
       2.77789696, 2.77637149, 2.77486929, 2.77338609, 2.77192088,
       2.77047349, 2.76904423, 2.76763459, 2.76624252, 2.76486763,
       2.76350853, 2.762167  , 2.76083859, 2.7595303 , 2.75823845,
       2.75695906, 2.75569435, 2.75444634, 2.75321029, 2.75199105,
       2.75078573, 2.7495937 , 2.74841401, 2.74724986, 2.74609741,
       2.74496044, 2.7438328 , 2.74271517, 2.74161538, 2.74052717,
       2.73944823, 2.73838014, 2.73732448, 2.73628208, 2.73524938,
       2.73422707, 2.73321432, 2.73221596, 2.73122263, 2.73024218,
       2.72927136, 2.72830834, 2.7273582 , 2.7264181 , 2.72548305,
       2.72455858, 2.72364592, 2.72273748, 2.72184087, 2.72095266,
       2.72007291, 2.71920015, 2.71833566, 2.71747996, 2.71663378,
       2.71579209, 2.71496065, 2.71413455, 2.7133158 , 2.71250721,
       2.71170339, 2.71090771, 2.71011731, 2.70933454, 2.70856085,
       2.70779185, 2.70702842, 2.7062708 , 2.70552142, 2.70477988,
       2.70404215, 2.70331002, 2.70258444, 2.70186518, 2.70115241,
       2.70044495, 2.69974048, 2.69904629, 2.69835289, 2.69766603,
       2.69698456, 2.69630938, 2.69564045, 2.69497466, 2.69431361,
       2.69365828, 2.69300601, 2.69236041, 2.69172054, 2.69108302,
       2.69045186, 2.68982408, 2.68920062, 2.68858168, 2.68796722,
       2.68735701, 2.68675167, 2.68615048, 2.68555131, 2.68495821,
       2.68437107, 2.68378413, 2.68320108, 2.68262298, 2.6820513 ,
       2.68147869, 2.68091054, 2.68034848, 2.67978868, 2.67922935,
       2.6786795 , 2.67812848, 2.67758087, 2.67703986, 2.67650115,
       2.67596378, 2.67543259, 2.6749023 , 2.67437484, 2.67385099,
       2.67332787, 2.67281295, 2.67229711, 2.6717858 , 2.67127511,
       2.67077053, 2.6702658 , 2.66976683, 2.66926824, 2.66877328,
       2.66828085, 2.66779105, 2.66730129, 2.66681883, 2.66633632,
       2.66585637, 2.66537983, 2.66490518, 2.66443123, 2.66396123,
       2.66349697, 2.66302859, 2.66256412, 2.66210495, 2.66164588,
       2.66119109]), array([2.90287227, 2.89918919, 2.89557778, 2.89203559, 2.88856307,
       2.88515174, 2.88180814, 2.87852739, 2.87530732, 2.87215041,
       2.86905233, 2.86601033, 2.8630269 , 2.86009269, 2.85721724,
       2.85439365, 2.85161812, 2.84889419, 2.84622036, 2.8435951 ,
       2.84101508, 2.83848115, 2.83598897, 2.83354599, 2.83113976,
       2.82877722, 2.82645607, 2.82417551, 2.82193233, 2.81972765,
       2.81755751, 2.8154273 , 2.81333159, 2.81127105, 2.8092413 ,
       2.80724274, 2.80527024, 2.80333185, 2.80141793, 2.79953459,
       2.797679  , 2.7958472 , 2.79404335, 2.79226671, 2.79051201,
       2.78878289, 2.7870801 , 2.78539714, 2.78374103, 2.78210472,
       2.78049273, 2.77890271, 2.77733318, 2.77578224, 2.77425514,
       2.77274705, 2.77125966, 2.7697897 , 2.76834038, 2.76691152,
       2.76549449, 2.76410069, 2.76272487, 2.76136171, 2.76002076,
       2.75869503, 2.75738468, 2.75608806, 2.7548089 , 2.75354538,
       2.7522999 , 2.75106547, 2.74984778, 2.74864354, 2.74745108,
       2.74627545, 2.74511421, 2.74396082, 2.74282444, 2.74170267,
       2.74059023, 2.73949144, 2.73840357, 2.7373305 , 2.73626833,
       2.73521752, 2.73417473, 2.7331481 , 2.73213046, 2.73112005,
       2.73012451, 2.72913958, 2.72816234, 2.72719591, 2.7262405 ,
       2.72529345, 2.7243557 , 2.72342897, 2.72251234, 2.72160268,
       2.7207011 , 2.71981047, 2.71892577, 2.71805208, 2.71718642,
       2.71633049, 2.71547978, 2.71463904, 2.71380106, 2.71297679,
       2.71215896, 2.71134734, 2.71054329, 2.70974673, 2.70895881,
       2.70817666, 2.70739792, 2.70663092, 2.70586944, 2.70511199,
       2.70436419, 2.70362107, 2.70288548, 2.70215275, 2.70142983,
       2.70071301, 2.69999839, 2.69929318, 2.69859074, 2.69789577,
       2.6972077 , 2.69652197, 2.69584384, 2.69517118, 2.69450321,
       2.6938384 , 2.69317907, 2.69252724, 2.69188018, 2.69123533,
       2.69059706, 2.68996186, 2.68933405, 2.68870845, 2.68809026,
       2.68747222, 2.68686381, 2.68625479, 2.68565253, 2.68505435,
       2.68445878, 2.68386932, 2.68328109, 2.68269937, 2.68212128,
       2.68154871, 2.68097658, 2.68040892, 2.67984547, 2.67928757,
       2.67873153, 2.67817779, 2.67762849, 2.67708155, 2.67654089,
       2.67600145, 2.67546627, 2.67493419, 2.67440288, 2.67387801,
       2.67335514, 2.6728378 , 2.67232054, 2.67180661, 2.67129456,
       2.67078744, 2.67028248, 2.66978371, 2.66928003, 2.66878584,
       2.66829127, 2.66780137, 2.66731322, 2.66682692, 2.66634392,
       2.66586377, 2.66538437, 2.66491124, 2.66443625, 2.66396647,
       2.6635009 , 2.66303476, 2.66257006, 2.66210812, 2.66165257,
       2.6611943 , 2.66074098, 2.66028823, 2.65983704, 2.65939126,
       2.6589446 ]), array([2.91330842, 2.90941801, 2.90560512, 2.90186429, 2.89819698,
       2.89460126, 2.89107487, 2.88761589, 2.88422419, 2.88089767,
       2.87763255, 2.87442582, 2.87128579, 2.86820027, 2.8651718 ,
       2.86220469, 2.85928762, 2.85642584, 2.85361676, 2.85085735,
       2.84814953, 2.84549016, 2.84287776, 2.84030989, 2.83779085,
       2.83531577, 2.83288412, 2.83049495, 2.82814601, 2.82583941,
       2.82357165, 2.82134364, 2.81915211, 2.8169988 , 2.8148784 ,
       2.81279154, 2.81073408, 2.8087085 , 2.80671003, 2.80474541,
       2.80280675, 2.8008986 , 2.79901521, 2.7971602 , 2.79533034,
       2.79352936, 2.79175183, 2.79000233, 2.78827141, 2.78656971,
       2.7848881 , 2.7832313 , 2.78159727, 2.77998499, 2.77839425,
       2.77682397, 2.77527694, 2.77374633, 2.77223952, 2.77075045,
       2.76928071, 2.76783052, 2.76639679, 2.76498248, 2.76358819,
       2.76220781, 2.760849  , 2.75950181, 2.75817499, 2.75686136,
       2.75556872, 2.75428782, 2.75302488, 2.75177274, 2.7505376 ,
       2.7493164 , 2.7481108 , 2.74691816, 2.74574085, 2.74457585,
       2.74342482, 2.74228522, 2.74115861, 2.74004744, 2.73894573,
       2.73785755, 2.73677964, 2.73571519, 2.7346627 , 2.73361955,
       2.73258692, 2.73156666, 2.73055765, 2.72955798, 2.72857047,
       2.72759175, 2.72662689, 2.7256656 , 2.72471769, 2.72377837,
       2.72284858, 2.72193045, 2.7210171 , 2.72011449, 2.71922095,
       2.71833868, 2.71746078, 2.71659161, 2.71573108, 2.71487995,
       2.71403338, 2.71320003, 2.71237027, 2.71155186, 2.71073561,
       2.70993126, 2.7091313 , 2.70834147, 2.70755553, 2.70677801,
       2.70600824, 2.7052443 , 2.70448501, 2.70373413, 2.70298765,
       2.70224986, 2.70151729, 2.70078872, 2.70007145, 2.69935729,
       2.69864627, 2.69794508, 2.69724866, 2.69655509, 2.69586844,
       2.69518929, 2.69451384, 2.69384448, 2.69317678, 2.69251991,
       2.6918612 , 2.69121341, 2.69056754, 2.68992855, 2.6892923 ,
       2.68865977, 2.68803238, 2.68741233, 2.68679514, 2.68618062,
       2.68557497, 2.68496886, 2.68436931, 2.68377277, 2.683181  ,
       2.68259115, 2.68200687, 2.68142788, 2.68085382, 2.68027882,
       2.67971072, 2.67914475, 2.67858458, 2.67802525, 2.67747238,
       2.6769224 , 2.67637564, 2.67583178, 2.67529176, 2.67475435,
       2.67422154, 2.67369094, 2.67316173, 2.6726373 , 2.67211797,
       2.6716007 , 2.67108455, 2.6705732 , 2.6700623 , 2.66955814,
       2.66905188, 2.66855356, 2.6680563 , 2.66756016, 2.66707101,
       2.66657884, 2.66609475, 2.66560785, 2.66512713, 2.66464798,
       2.66417078, 2.66369773, 2.66322638, 2.66275552, 2.66228972,
       2.66182403, 2.66136341, 2.6609032 , 2.66044548, 2.65999097,
       2.65954019]), array([2.94983391, 2.94541001, 2.9410735 , 2.93682307, 2.93265207,
       2.92856622, 2.9245575 , 2.92062663, 2.91676981, 2.91298618,
       2.90927643, 2.90563534, 2.90206645, 2.89856131, 2.89512239,
       2.89174886, 2.88843421, 2.88518288, 2.88198989, 2.87885887,
       2.87578111, 2.87276114, 2.86979284, 2.86688126, 2.86402029,
       2.86120737, 2.85844698, 2.85573631, 2.85307086, 2.85045122,
       2.84787862, 2.84535033, 2.84286466, 2.8404226 , 2.83801548,
       2.83564742, 2.83331804, 2.83101658, 2.82875603, 2.82652491,
       2.82433174, 2.82216777, 2.82003653, 2.81793535, 2.81586421,
       2.81382481, 2.81181391, 2.80983281, 2.80787761, 2.80594666,
       2.80404818, 2.80217297, 2.80032664, 2.79850304, 2.7967031 ,
       2.79493259, 2.79318297, 2.79145634, 2.78975511, 2.78807429,
       2.78641687, 2.78477775, 2.78316257, 2.78157047, 2.77999792,
       2.77844297, 2.77690767, 2.77539358, 2.77390064, 2.77242199,
       2.77096097, 2.76952128, 2.76809866, 2.76669358, 2.76530345,
       2.76393018, 2.76257334, 2.76123571, 2.75991316, 2.75860408,
       2.75731145, 2.75603122, 2.75476851, 2.75351969, 2.75228563,
       2.7510651 , 2.74985668, 2.74866397, 2.74748336, 2.74631514,
       2.7451607 , 2.74401854, 2.74289135, 2.74177147, 2.74066616,
       2.73957257, 2.73849048, 2.73742019, 2.73635919, 2.73531231,
       2.73427286, 2.73324523, 2.73222924, 2.73122408, 2.73022587,
       2.72924116, 2.72826379, 2.72729658, 2.72633911, 2.72538933,
       2.72445105, 2.72352051, 2.72259946, 2.72168631, 2.72078231,
       2.71988839, 2.71899814, 2.71811844, 2.71724761, 2.71638651,
       2.71553123, 2.7146842 , 2.71384393, 2.71301182, 2.71218549,
       2.7113665 , 2.71055659, 2.70975347, 2.70895735, 2.70816617,
       2.70738281, 2.70660765, 2.70583599, 2.70507004, 2.70431471,
       2.7035644 , 2.70281691, 2.70207718, 2.70134405, 2.70061854,
       2.69989519, 2.6991797 , 2.69847147, 2.6977657 , 2.69706623,
       2.69637296, 2.695683  , 2.69499853, 2.69431951, 2.69364797,
       2.69297934, 2.6923161 , 2.69165634, 2.69100187, 2.69035326,
       2.68971036, 2.68906867, 2.68843201, 2.68780109, 2.6871763 ,
       2.68655771, 2.68593806, 2.68532341, 2.68471381, 2.68410978,
       2.68350819, 2.68291025, 2.68231582, 2.68172725, 2.68114245,
       2.68055935, 2.67998253, 2.67940585, 2.67883632, 2.67827019,
       2.67770476, 2.67714332, 2.67658874, 2.67603808, 2.67548692,
       2.67493939, 2.67439558, 2.67385575, 2.6733189 , 2.67278267,
       2.67225199, 2.67172607, 2.67120014, 2.67067899, 2.67015906,
       2.66964661, 2.66913332, 2.66862462, 2.66811487, 2.66761018,
       2.66711062, 2.66660835, 2.66611486, 2.66561915, 2.6651291 ,
       2.66464149]), array([3.0267874 , 3.0213554 , 3.01603019, 3.01080618, 3.00568261,
       3.0006551 , 2.99572693, 2.99088995, 2.98614341, 2.98149004,
       2.97692207, 2.97243846, 2.96803824, 2.96371849, 2.95947734,
       2.95531464, 2.95122645, 2.94721461, 2.94327334, 2.93940243,
       2.9356009 , 2.93186733, 2.92819852, 2.92459552, 2.92105634,
       2.91757614, 2.91415946, 2.91079993, 2.90749651, 2.90425124,
       2.90106162, 2.89792632, 2.89484292, 2.89181108, 2.88882459,
       2.88588651, 2.88299426, 2.88014318, 2.87733689, 2.87457157,
       2.87185037, 2.86916907, 2.86652476, 2.86392467, 2.8613561 ,
       2.85882679, 2.85633515, 2.85387933, 2.85145924, 2.84907227,
       2.84671622, 2.8443994 , 2.84210988, 2.839856  , 2.83763011,
       2.83543717, 2.83327179, 2.83113852, 2.82903146, 2.82695549,
       2.82490825, 2.82288381, 2.82088798, 2.81891856, 2.81697464,
       2.81505758, 2.81316361, 2.81129272, 2.80944848, 2.80762656,
       2.80582595, 2.804051  , 2.80229594, 2.80056326, 2.79885384,
       2.79716239, 2.79549495, 2.79384602, 2.79221602, 2.79060414,
       2.78901416, 2.78744264, 2.78589149, 2.78435522, 2.78284022,
       2.78133964, 2.77985786, 2.77839195, 2.7769447 , 2.77551115,
       2.77409671, 2.77269634, 2.77131048, 2.76994343, 2.76858935,
       2.76724929, 2.76592407, 2.76461353, 2.76331771, 2.76203662,
       2.7607678 , 2.75951291, 2.75827029, 2.75704268, 2.75582417,
       2.75462361, 2.75343146, 2.7522523 , 2.75108452, 2.74993168,
       2.74878437, 2.74765401, 2.74653332, 2.74542186, 2.74432374,
       2.74323458, 2.74215691, 2.74108865, 2.74003101, 2.73898586,
       2.7379487 , 2.73692106, 2.73590329, 2.73489405, 2.73389555,
       2.73290343, 2.73192532, 2.73095277, 2.72999076, 2.72903542,
       2.72808815, 2.72715095, 2.7262211 , 2.72529912, 2.72438736,
       2.72348012, 2.72258373, 2.72169282, 2.72081346, 2.7199366 ,
       2.71906944, 2.71820772, 2.71735397, 2.71651068, 2.71567119,
       2.71483784, 2.714014  , 2.71319049, 2.71238102, 2.71157529,
       2.7107767 , 2.70998328, 2.70919397, 2.70841634, 2.7076384 ,
       2.70687071, 2.70610633, 2.70535036, 2.70459814, 2.70385143,
       2.70311106, 2.70237871, 2.70164599, 2.70092266, 2.70020305,
       2.69948876, 2.69877877, 2.69807686, 2.69737985, 2.69668634,
       2.69599391, 2.69531123, 2.69463086, 2.69395586, 2.69328623,
       2.69261909, 2.69195735, 2.69130034, 2.69064656, 2.68999818,
       2.68935554, 2.68871525, 2.68808008, 2.68744954, 2.68682219,
       2.68619852, 2.68557706, 2.68496309, 2.68435247, 2.68374377,
       2.68313876, 2.68253871, 2.68194077, 2.68134748, 2.68075597,
       2.68017046, 2.67958737, 2.67900811, 2.67843222, 2.67785978,
       2.67729112]), array([3.13710465, 3.13028917, 3.1236034 , 3.11704548, 3.11060774,
       3.10429193, 3.09809444, 3.09201001, 3.08603456, 3.08017386,
       3.07441387, 3.06876724, 3.06321357, 3.05776462, 3.05240913,
       3.04715404, 3.04198917, 3.03691554, 3.03193186, 3.02703069,
       3.02221746, 3.01748864, 3.01283977, 3.00826779, 3.00377916,
       2.99936367, 2.99502223, 2.99075344, 2.98655373, 2.98242549,
       2.97836926, 2.97437658, 2.9704482 , 2.96658212, 2.96278021,
       2.95903746, 2.95534697, 2.95171579, 2.94813997, 2.94461833,
       2.94114799, 2.93773236, 2.93436381, 2.93104798, 2.92777668,
       2.92455755, 2.92138661, 2.91825448, 2.91517234, 2.91213158,
       2.90913628, 2.90618251, 2.90327145, 2.9003981 , 2.89756793,
       2.89477801, 2.89202335, 2.88930778, 2.88662815, 2.88398624,
       2.8813803 , 2.87880637, 2.87627017, 2.87376547, 2.87129266,
       2.86885264, 2.86644823, 2.86407295, 2.86173016, 2.85941268,
       2.85712935, 2.85487295, 2.85264666, 2.85044645, 2.84827502,
       2.84613031, 2.84401277, 2.84192052, 2.83985518, 2.83781287,
       2.83579566, 2.83380708, 2.83183592, 2.82989158, 2.82797017,
       2.82606907, 2.82419473, 2.82233972, 2.8205068 , 2.81869736,
       2.81690592, 2.81513123, 2.8133835 , 2.81165254, 2.80994457,
       2.80824997, 2.80657675, 2.80492313, 2.80328589, 2.80166841,
       2.80006774, 2.79848379, 2.79691548, 2.79536765, 2.7938354 ,
       2.79231968, 2.79081895, 2.78933513, 2.78786401, 2.78641084,
       2.7849727 , 2.78354712, 2.78213807, 2.78074308, 2.77936266,
       2.77799643, 2.77664341, 2.77530161, 2.77397546, 2.77266187,
       2.77136249, 2.77007371, 2.76879676, 2.76753617, 2.76628319,
       2.76504538, 2.76381851, 2.76260237, 2.76139746, 2.76020904,
       2.75902252, 2.75785366, 2.75669091, 2.75554176, 2.75440371,
       2.75327547, 2.75215434, 2.75104602, 2.74994934, 2.74885916,
       2.74777948, 2.74670889, 2.74564731, 2.74459729, 2.74355553,
       2.74252066, 2.74149615, 2.74048117, 2.73947185, 2.73847588,
       2.73748351, 2.73650086, 2.73552411, 2.73455808, 2.73360034,
       2.73264959, 2.73170773, 2.73077232, 2.72984419, 2.72892346,
       2.72800914, 2.72710181, 2.72620268, 2.72531095, 2.72442575,
       2.72354645, 2.72267734, 2.72180978, 2.72095083, 2.72009928,
       2.7192527 , 2.71841588, 2.71758024, 2.71675477, 2.71593184,
       2.71511618, 2.71430713, 2.71350428, 2.71270416, 2.71191285,
       2.71112556, 2.71034505, 2.70956871, 2.70879886, 2.70803507,
       2.70727337, 2.7065184 , 2.70576974, 2.70502564, 2.70428569,
       2.70355338, 2.70282299, 2.7020969 , 2.70137707, 2.70066146,
       2.69995042, 2.6992422 , 2.69854202, 2.69784455, 2.69715014,
       2.69646398]), array([3.25489136, 3.24663782, 3.23853653, 3.23058546, 3.22277703,
       3.2151129 , 3.20758885, 3.20020157, 3.19294538, 3.18582025,
       3.17882102, 3.171948  , 3.1651926 , 3.15855686, 3.15203847,
       3.14563275, 3.13933653, 3.13314862, 3.12706717, 3.12108716,
       3.11520894, 3.10943353, 3.10375059, 3.09816222, 3.09266882,
       3.08726322, 3.08195007, 3.07672101, 3.07157669, 3.06651567,
       3.0615371 , 3.05663554, 3.05181686, 3.04707309, 3.04239946,
       3.03779926, 3.03327044, 3.02881184, 3.02441773, 3.02009185,
       3.0158321 , 3.01163227, 3.00749824, 3.00342336, 2.99940865,
       2.99545391, 2.99155609, 2.98771448, 2.98392906, 2.98019539,
       2.97651827, 2.97288976, 2.96931476, 2.9657889 , 2.962312  ,
       2.95888417, 2.95550138, 2.95216798, 2.94887928, 2.94563451,
       2.94243622, 2.93927971, 2.93616389, 2.93309204, 2.93005947,
       2.92706636, 2.92411299, 2.92120051, 2.91832368, 2.91548578,
       2.91268103, 2.90991411, 2.90718317, 2.90448591, 2.90182185,
       2.89919152, 2.89659568, 2.89403029, 2.89149929, 2.88899822,
       2.88652756, 2.88408741, 2.88167401, 2.87928984, 2.8769383 ,
       2.87461156, 2.87231377, 2.87004231, 2.86779935, 2.86558119,
       2.86338922, 2.86122121, 2.85907988, 2.85696343, 2.85487206,
       2.85280051, 2.85075333, 2.84873305, 2.84673448, 2.84475411,
       2.84280034, 2.84086592, 2.83895206, 2.83706052, 2.83518652,
       2.83333521, 2.83150372, 2.82969186, 2.82789792, 2.82612599,
       2.82437029, 2.82263264, 2.82091458, 2.81921503, 2.8175303 ,
       2.81586319, 2.81421692, 2.81258455, 2.81096732, 2.80936976,
       2.80778602, 2.80621894, 2.80466642, 2.80313059, 2.80160899,
       2.80010441, 2.79861109, 2.79713131, 2.7956703 , 2.7942221 ,
       2.7927851 , 2.79136421, 2.78995397, 2.78855942, 2.78717832,
       2.78581109, 2.78445221, 2.78310975, 2.78177774, 2.78045674,
       2.77914975, 2.77785514, 2.77657171, 2.77529831, 2.77403827,
       2.77278735, 2.77154902, 2.77031864, 2.76910207, 2.76789586,
       2.7666998 , 2.76551208, 2.76433485, 2.76316883, 2.7620124 ,
       2.76086832, 2.75973016, 2.75859974, 2.75748264, 2.75637508,
       2.75527439, 2.75418363, 2.75310144, 2.75202679, 2.75096387,
       2.74990623, 2.74885924, 2.74781947, 2.74678979, 2.74576357,
       2.7447492 , 2.74374257, 2.7427421 , 2.7417515 , 2.74076532,
       2.73978989, 2.73881966, 2.7378574 , 2.73690307, 2.73595512,
       2.73501255, 2.73407779, 2.73315292, 2.73223117, 2.73131844,
       2.73041056, 2.72951226, 2.72861609, 2.72772652, 2.72684705,
       2.72596909, 2.7251034 , 2.72423717, 2.72338045, 2.72252875,
       2.72168336, 2.7208458 , 2.72001281, 2.71918238, 2.71836093,
       2.71754289]), array([3.35104507, 3.3416417 , 3.3324082 , 3.32334216, 3.31444236,
       3.30570157, 3.29711958, 3.28868679, 3.28040559, 3.27226494,
       3.2642725 , 3.2564168 , 3.24869701, 3.24111298, 3.23365616,
       3.22632597, 3.21912053, 3.21203459, 3.20506988, 3.19822216,
       3.19148951, 3.18486243, 3.17834952, 3.17194007, 3.16563512,
       3.15943585, 3.15333451, 3.14732764, 3.14141953, 3.13560461,
       3.12988044, 3.12424591, 3.11870263, 3.11324167, 3.1078642 ,
       3.1025728 , 3.09735947, 3.09222893, 3.08717432, 3.08219503,
       3.07729104, 3.07246134, 3.06769979, 3.06301298, 3.05839095,
       3.05383954, 3.04935396, 3.04493241, 3.04057391, 3.0362771 ,
       3.0320442 , 3.02787072, 3.02375369, 3.0196951 , 3.01569864,
       3.01174996, 3.00786085, 3.00402162, 3.00023748, 2.99650533,
       2.99282223, 2.98918842, 2.98560581, 2.98206691, 2.97857603,
       2.97513435, 2.97173615, 2.96838249, 2.96507375, 2.96180668,
       2.95858115, 2.95539714, 2.95225611, 2.94915156, 2.94609003,
       2.94306522, 2.94007664, 2.93712784, 2.93421386, 2.9313367 ,
       2.9284942 , 2.92568618, 2.92291684, 2.92017522, 2.91747088,
       2.9147929 , 2.91215357, 2.90954009, 2.90696024, 2.90441143,
       2.90188963, 2.89940097, 2.89693907, 2.89450699, 2.89210116,
       2.88972278, 2.88737314, 2.88504746, 2.88275214, 2.88047571,
       2.87823278, 2.87600983, 2.87381396, 2.87163933, 2.86949108,
       2.86736247, 2.86526173, 2.86318251, 2.86112427, 2.85908763,
       2.85707292, 2.85508266, 2.85311022, 2.85115981, 2.84922562,
       2.84731638, 2.84542513, 2.84355439, 2.84170138, 2.83986634,
       2.83805503, 2.83625666, 2.83447692, 2.8327178 , 2.83097646,
       2.82924945, 2.82753982, 2.82584834, 2.82417055, 2.82251119,
       2.82086827, 2.81924154, 2.81762654, 2.8160305 , 2.81445221,
       2.81288526, 2.81133199, 2.80979563, 2.80827336, 2.80676463,
       2.80526845, 2.80378718, 2.80231788, 2.80086444, 2.79942523,
       2.79799537, 2.79658067, 2.79517681, 2.79378467, 2.79240896,
       2.79104045, 2.78968768, 2.78834692, 2.7870146 , 2.78569548,
       2.78438942, 2.78309219, 2.78180565, 2.78053012, 2.77926816,
       2.77801363, 2.77677171, 2.77553983, 2.7743163 , 2.77310394,
       2.77189966, 2.77070744, 2.76952446, 2.76835   , 2.76718616,
       2.76603289, 2.76488503, 2.76374889, 2.76262085, 2.76150291,
       2.76039148, 2.75929174, 2.75820003, 2.75711165, 2.75603596,
       2.75496862, 2.75390938, 2.75285472, 2.75181011, 2.75077677,
       2.74974537, 2.74872522, 2.74771262, 2.74670687, 2.74570797,
       2.74471503, 2.74373176, 2.74275409, 2.74178144, 2.74081932,
       2.73986249, 2.73891187, 2.73796911, 2.7370318 , 2.73610181,
       2.73517891]), array([3.40247628, 3.39248785, 3.38267825, 3.37304367, 3.36358389,
       3.35428942, 3.34516218, 3.33619298, 3.32738315, 3.31872647,
       3.31022039, 3.30185769, 3.29364118, 3.28556091, 3.27762265,
       3.26981346, 3.26213663, 3.2545885 , 3.24716394, 3.23986205,
       3.2326816 , 3.22561823, 3.2186669 , 3.21183107, 3.2051034 ,
       3.19848231, 3.19196675, 3.18555662, 3.17924514, 3.17303376,
       3.16691747, 3.16089674, 3.15496869, 3.1491325 , 3.1433832 ,
       3.13772698, 3.13215413, 3.1266659 , 3.12126218, 3.11593717,
       3.11069318, 3.10552964, 3.10043865, 3.09542272, 3.09048288,
       3.08561448, 3.08081468, 3.07608795, 3.0714279 , 3.06683304,
       3.06230395, 3.05783865, 3.05343544, 3.049095  , 3.0448178 ,
       3.04059698, 3.03643322, 3.03232772, 3.02828347, 3.02428682,
       3.02034816, 3.01646132, 3.01262619, 3.00884345, 3.00510851,
       3.00142598, 2.99779229, 2.99420529, 2.99066211, 2.98716901,
       2.9837168 , 2.98031166, 2.97694831, 2.97362982, 2.97035349,
       2.96711592, 2.96392118, 2.96076401, 2.95764582, 2.95457036,
       2.95152778, 2.94852653, 2.94555677, 2.94262704, 2.93973312,
       2.93687087, 2.93404632, 2.93125219, 2.92849455, 2.92576451,
       2.92306855, 2.92040611, 2.91777137, 2.91516995, 2.91259772,
       2.91005391, 2.90754091, 2.90505558, 2.9025967 , 2.900166  ,
       2.8977649 , 2.8953879 , 2.89303732, 2.89071131, 2.88841406,
       2.8861416 , 2.88389257, 2.88166919, 2.87946673, 2.87729118,
       2.8751374 , 2.87300478, 2.87089729, 2.8688128 , 2.86674546,
       2.86470478, 2.8626807 , 2.86068081, 2.85870069, 2.85674067,
       2.85479955, 2.85287934, 2.85098041, 2.84909606, 2.84723707,
       2.84539167, 2.84356572, 2.84175432, 2.83996502, 2.83819182,
       2.83643642, 2.83469582, 2.83297404, 2.83126863, 2.82957845,
       2.82790652, 2.82624826, 2.82460632, 2.8229796 , 2.82136795,
       2.8197729 , 2.81819012, 2.81662249, 2.81507113, 2.81353092,
       2.81200429, 2.81049411, 2.80899628, 2.80751274, 2.80604268,
       2.80458433, 2.8031389 , 2.80170586, 2.80028656, 2.79887791,
       2.7974835 , 2.79609853, 2.79472696, 2.79336774, 2.79202083,
       2.79068116, 2.78935596, 2.78804337, 2.78673678, 2.78544342,
       2.78416407, 2.78289235, 2.7816308 , 2.78037776, 2.77913842,
       2.77790557, 2.77668495, 2.77547567, 2.77427246, 2.77307949,
       2.77189565, 2.77072429, 2.76955841, 2.76840336, 2.76725828,
       2.76612073, 2.76498876, 2.76387064, 2.76275965, 2.76165543,
       2.76055883, 2.75947323, 2.75839331, 2.75732063, 2.7562606 ,
       2.75520494, 2.75415561, 2.75311507, 2.75208492, 2.75105911,
       2.75004039, 2.74903141, 2.74802665, 2.7470319 , 2.74604112,
       2.74506069]), array([3.39825813, 3.38836585, 3.37864798, 3.36910825, 3.35973864,
       3.3505351 , 3.34149125, 3.33260695, 3.3238794 , 3.31530163,
       3.30686928, 3.29858626, 3.29043901, 3.28243203, 3.27455823,
       3.2668178 , 3.25920607, 3.25172194, 3.24436029, 3.23711843,
       3.22999436, 3.22298506, 3.21609194, 3.20930626, 3.20263281,
       3.19606188, 3.189596  , 3.18322995, 3.17696624, 3.17079822,
       3.16472867, 3.15874684, 3.15286039, 3.14706451, 3.14135893,
       3.13573342, 3.13019656, 3.12474713, 3.11937905, 3.11409073,
       3.10888205, 3.10374949, 3.0986928 , 3.09371394, 3.08879959,
       3.08396393, 3.07919707, 3.0744971 , 3.06986671, 3.06530234,
       3.06080095, 3.05636181, 3.0519896 , 3.04767531, 3.04342195,
       3.039228  , 3.03509112, 3.03101099, 3.02698423, 3.02301713,
       3.01910119, 3.01523537, 3.01142368, 3.0076644 , 3.00395356,
       3.00029008, 2.99667465, 2.99310985, 2.98958766, 2.98611136,
       2.98268162, 2.97929447, 2.97595249, 2.9726505 , 2.96939039,
       2.96617203, 2.96299359, 2.95985477, 2.9567552 , 2.95369486,
       2.9506704 , 2.94768166, 2.94473083, 2.9418157 , 2.93893341,
       2.93608916, 2.93327725, 2.93050149, 2.92775552, 2.92503933,
       2.92235918, 2.91970653, 2.91708783, 2.9144979 , 2.91193727,
       2.90940788, 2.90690481, 2.90443211, 2.90198582, 2.89956591,
       2.89717715, 2.89481101, 2.89247213, 2.89015964, 2.88787317,
       2.88560607, 2.88337015, 2.88115629, 2.87896665, 2.87679824,
       2.87465584, 2.87253462, 2.870434  , 2.86835587, 2.86630134,
       2.86426759, 2.86225554, 2.86026331, 2.85829076, 2.85633939,
       2.85440663, 2.85249322, 2.85060281, 2.84872813, 2.84687488,
       2.84503585, 2.84321531, 2.84141717, 2.83963285, 2.83786718,
       2.83611676, 2.83438435, 2.83266833, 2.8309704 , 2.82928696,
       2.82762151, 2.82596997, 2.8243322 , 2.82271353, 2.82110802,
       2.81951749, 2.81794127, 2.81637889, 2.81483403, 2.81329628,
       2.81178105, 2.81027481, 2.80878162, 2.80730182, 2.8058392 ,
       2.8043834 , 2.80294422, 2.80151643, 2.80010096, 2.79869614,
       2.79730719, 2.79592879, 2.79456317, 2.79320352, 2.79186148,
       2.79053083, 2.78920763, 2.78789664, 2.7865959 , 2.78530753,
       2.78402941, 2.7827619 , 2.78150488, 2.78025607, 2.77902166,
       2.77779194, 2.77657677, 2.77536648, 2.77417178, 2.77298108,
       2.77180058, 2.77063431, 2.76947002, 2.7683172 , 2.76717566,
       2.7660395 , 2.76491322, 2.76379741, 2.76268835, 2.76158802,
       2.76049634, 2.75941123, 2.75833552, 2.75726591, 2.75620916,
       2.75515607, 2.75411066, 2.75307238, 2.75204325, 2.75101877,
       2.75000571, 2.74899714, 2.74799654, 2.74700413, 2.74601515,
       2.74503598]), array([3.34200036, 3.33283549, 3.32383804, 3.31499747, 3.30631644,
       3.29779114, 3.289415  , 3.28118649, 3.27309889, 3.26515355,
       3.2573456 , 3.24966704, 3.24212446, 3.23470514, 3.22741457,
       3.22024413, 3.21319289, 3.20626023, 3.1994405 , 3.19273175,
       3.18613486, 3.17964532, 3.17325707, 3.16697306, 3.16079093,
       3.15470431, 3.14871263, 3.14282083, 3.13701808, 3.13130418,
       3.12568242, 3.12014518, 3.11468929, 3.10932088, 3.10403584,
       3.09882597, 3.09369748, 3.08864967, 3.08367655, 3.07877916,
       3.07394991, 3.06919663, 3.06451194, 3.0598948 , 3.05534603,
       3.05086343, 3.04644508, 3.04209191, 3.0377988 , 3.03356786,
       3.0293986 , 3.02528552, 3.02122992, 3.01723211, 3.01328884,
       3.00940034, 3.00556472, 3.0017829 , 2.99805037, 2.99437094,
       2.99074326, 2.98715724, 2.983623  , 2.98013546, 2.97669352,
       2.97329563, 2.96994417, 2.96663389, 2.96336868, 2.96014631,
       2.95696448, 2.9538203 , 2.95071808, 2.94765483, 2.94463027,
       2.94164475, 2.93869361, 2.93578171, 2.93290372, 2.93006021,
       2.92725445, 2.92448349, 2.92174149, 2.91903684, 2.91635976,
       2.91371759, 2.91110799, 2.90852887, 2.90597958, 2.90345718,
       2.90096511, 2.89850317, 2.89606969, 2.89366468, 2.89128537,
       2.888934  , 2.88660912, 2.88431159, 2.88203653, 2.87978744,
       2.8775641 , 2.87536814, 2.8731932 , 2.87104329, 2.8689124 ,
       2.86681084, 2.86472931, 2.86266957, 2.86063225, 2.85861675,
       2.85662342, 2.8546492 , 2.85269885, 2.85076549, 2.84885303,
       2.84696082, 2.8450848 , 2.84323309, 2.84139727, 2.83958161,
       2.8377819 , 2.83600115, 2.83423712, 2.83249265, 2.83076388,
       2.82905504, 2.82736122, 2.82568185, 2.82401799, 2.82237543,
       2.82074636, 2.81913139, 2.81753202, 2.81595041, 2.81437919,
       2.81282632, 2.81128518, 2.80976111, 2.80824949, 2.8067505 ,
       2.80526868, 2.80379882, 2.80234076, 2.80089921, 2.79946773,
       2.79804999, 2.79664473, 2.79525109, 2.7938696 , 2.79250074,
       2.79114473, 2.7898007 , 2.78846676, 2.78714545, 2.78583673,
       2.7845373 , 2.78324777, 2.78196964, 2.78070327, 2.77944685,
       2.7782022 , 2.77696699, 2.77574154, 2.77452556, 2.77332206,
       2.77212544, 2.77094003, 2.76976195, 2.76859639, 2.76743788,
       2.76628983, 2.76515003, 2.76402019, 2.76289959, 2.76178541,
       2.76068141, 2.75958539, 2.75849949, 2.75741779, 2.75634869,
       2.75528793, 2.754232  , 2.75318339, 2.7521437 , 2.75111482,
       2.75008869, 2.74907297, 2.74806387, 2.74706421, 2.7460689 ,
       2.74508174, 2.74410084, 2.74312571, 2.74216101, 2.74120143,
       2.74024698, 2.73930332, 2.73836441, 2.73742942, 2.73650527,
       2.73558299]), array([3.25076337, 3.24274481, 3.23486668, 3.22713546, 3.21954259,
       3.21208131, 3.20475286, 3.19755701, 3.19048447, 3.18353581,
       3.17670719, 3.16999604, 3.16339974, 3.15691899, 3.15054572,
       3.14427926, 3.13811915, 3.1320632 , 3.12610649, 3.1202487 ,
       3.11448479, 3.10881777, 3.10324052, 3.0977538 , 3.0923571 ,
       3.08704663, 3.08181951, 3.07667316, 3.07161211, 3.06662795,
       3.06172408, 3.05689108, 3.05213576, 3.04745316, 3.04284084,
       3.03830128, 3.03382975, 3.02942492, 3.02508833, 3.02081355,
       3.01660358, 3.01245567, 3.00836762, 3.00434376, 3.00037382,
       2.99646155, 2.99260822, 2.98880886, 2.98506403, 2.98137136,
       2.977732  , 2.97414294, 2.97060286, 2.96711408, 2.96367184,
       2.96027569, 2.95692817, 2.95362692, 2.95036954, 2.94715668,
       2.9439854 , 2.94085655, 2.93776687, 2.93472251, 2.93171883,
       2.92875018, 2.92581866, 2.9229284 , 2.92007532, 2.91725962,
       2.91447694, 2.91173294, 2.9090216 , 2.90634527, 2.90369857,
       2.90108915, 2.89850977, 2.89596124, 2.8934475 , 2.89096054,
       2.8885047 , 2.8860794 , 2.88368315, 2.88131412, 2.8789758 ,
       2.87666448, 2.87437742, 2.87211938, 2.86988675, 2.86768074,
       2.86550157, 2.86334336, 2.86121325, 2.85910615, 2.8570242 ,
       2.85496321, 2.8529246 , 2.85091053, 2.84892096, 2.84695101,
       2.84499919, 2.84307423, 2.84116699, 2.83928097, 2.83741679,
       2.83556828, 2.83374403, 2.83193845, 2.83014842, 2.82838048,
       2.82662849, 2.82489787, 2.82318365, 2.82148692, 2.81980806,
       2.81814219, 2.8164995 , 2.81486966, 2.81325851, 2.81166234,
       2.81008141, 2.80851547, 2.80696683, 2.80543143, 2.80391302,
       2.80240496, 2.80091448, 2.79943814, 2.79797689, 2.79652669,
       2.79509222, 2.79367315, 2.79226412, 2.79086914, 2.78948693,
       2.78811648, 2.78675962, 2.78541797, 2.78408565, 2.78276625,
       2.78145521, 2.78015912, 2.77887473, 2.77760118, 2.77633925,
       2.77508485, 2.77384683, 2.77261642, 2.77139699, 2.77018891,
       2.76898923, 2.76780132, 2.76662293, 2.76545617, 2.7642964 ,
       2.76314813, 2.76200932, 2.7608766 , 2.75975936, 2.75864552,
       2.75754336, 2.75644947, 2.75536488, 2.75428701, 2.75321957,
       2.75216074, 2.75111045, 2.75006572, 2.74903365, 2.74800656,
       2.74698721, 2.74597667, 2.74497105, 2.74397868, 2.74299252,
       2.74201162, 2.74103543, 2.74007023, 2.73911097, 2.73816128,
       2.73721707, 2.73627701, 2.73534824, 2.73442277, 2.73350377,
       2.73259327, 2.73169   , 2.73078952, 2.72990047, 2.72901424,
       2.72813427, 2.72725934, 2.72639198, 2.72553072, 2.72467552,
       2.72382384, 2.72298007, 2.72214344, 2.72130974, 2.72048274,
       2.7196612 ]), array([3.15001112, 3.14323855, 3.13658887, 3.13006223, 3.12365281,
       3.11735881, 3.11117862, 3.10510655, 3.09914723, 3.09328641,
       3.08753251, 3.08187887, 3.07632263, 3.07086285, 3.06549618,
       3.06022454, 3.05503807, 3.04993897, 3.04492946, 3.04000086,
       3.03515557, 3.03039143, 3.02570753, 3.0210951 , 3.01656044,
       3.01210085, 3.00770927, 3.00338872, 2.99914072, 2.99495815,
       2.99084082, 2.98678978, 2.98279981, 2.97887311, 2.97500629,
       2.97120056, 2.96744854, 2.96375514, 2.96011743, 2.95653441,
       2.953001  , 2.94952505, 2.94609385, 2.94271834, 2.93938709,
       2.93610743, 2.93287343, 2.9296881 , 2.92654348, 2.92344543,
       2.92038857, 2.91737888, 2.91440719, 2.91147835, 2.90858962,
       2.90573988, 2.90292739, 2.90015525, 2.89741868, 2.89472049,
       2.89205615, 2.88942978, 2.88683796, 2.8842766 , 2.88175126,
       2.87925916, 2.87679602, 2.87436823, 2.87196983, 2.86960268,
       2.86726196, 2.86495609, 2.86267129, 2.86042336, 2.85819888,
       2.85600355, 2.85383255, 2.85169074, 2.84957242, 2.84748075,
       2.84541368, 2.84337421, 2.84135438, 2.8393597 , 2.8373913 ,
       2.83544273, 2.83351701, 2.83161316, 2.82973273, 2.8278747 ,
       2.82603544, 2.82421945, 2.82242158, 2.82064518, 2.81888808,
       2.81714958, 2.81542975, 2.8137322 , 2.81205017, 2.81038667,
       2.8087434 , 2.80711649, 2.80550348, 2.80391151, 2.80233644,
       2.80077719, 2.79923255, 2.7977076 , 2.79619413, 2.79469833,
       2.79321738, 2.79175339, 2.79030321, 2.78886616, 2.78744376,
       2.78603703, 2.78464187, 2.78326529, 2.78189667, 2.78054496,
       2.7792052 , 2.77787604, 2.77656302, 2.7752618 , 2.77397315,
       2.77269655, 2.77143289, 2.77017877, 2.76893629, 2.76770652,
       2.76648905, 2.76528213, 2.76408338, 2.76289893, 2.76172143,
       2.76055848, 2.75940393, 2.75825983, 2.7571273 , 2.75600432,
       2.7548884 , 2.7537841 , 2.75269124, 2.75160409, 2.75052606,
       2.74946071, 2.74840246, 2.74735437, 2.74631337, 2.74528032,
       2.74425791, 2.74324376, 2.74223746, 2.7412398 , 2.74025034,
       2.73926829, 2.73829204, 2.73732626, 2.73636674, 2.73541605,
       2.73447146, 2.73353659, 2.73260513, 2.73168509, 2.73077109,
       2.72986164, 2.72895757, 2.72806388, 2.72717645, 2.72629639,
       2.72542208, 2.72455439, 2.72369282, 2.72283528, 2.72198809,
       2.72114497, 2.7203079 , 2.71947777, 2.71864993, 2.71783051,
       2.71701886, 2.71621116, 2.71540919, 2.71461246, 2.713822  ,
       2.71303403, 2.71225345, 2.71148058, 2.71070898, 2.70994325,
       2.70918569, 2.70842764, 2.70767925, 2.70693384, 2.7061954 ,
       2.70545685, 2.70472901, 2.70400147, 2.70328099, 2.7025645 ,
       2.70185312])]