2.608000000000000096e+00 -1.137690095866883411e-02 7.599948187630147789e-01 2.929536159534021245e+00
2.613567999999999891e+00 -1.096219360095007644e-02 7.710092505705223864e-01 2.929118893524917944e+00
2.619136000000000131e+00 -1.051354760031930624e-02 7.821593950536005480e-01 2.928733806049809374e+00
2.624703999999999926e+00 -1.010633601450283692e-02 7.934285552894847493e-01 2.928305563619099328e+00
2.630272000000000165e+00 -9.583177714038271233e-03 8.048624434178649478e-01 2.927991586480105379e+00
2.635839999999999961e+00 -8.857341840230681385e-03 8.164892038115194595e-01 2.927878644163831812e+00
2.641408000000000200e+00 -8.039650852670554571e-03 8.282821953451070529e-01 2.927855952442125709e+00
2.646975999999999996e+00 -7.269025175451915288e-03 8.402046650657966076e-01 2.927784628686083135e+00
2.652544000000000235e+00 -6.509202538808711580e-03 8.522683191719001572e-01 2.927700972529000190e+00
2.658112000000000030e+00 -5.775121722077614095e-03 8.644700927152110248e-01 2.927590082127934146e+00
2.663680000000000270e+00 -5.054387432557927440e-03 8.768146317165605996e-01 2.927464389289330171e+00
2.669248000000000065e+00 -4.325206219160993015e-03 8.893094441433956332e-01 2.927345723559811930e+00
2.674816000000000304e+00 -3.740221142372490704e-03 9.019084866209328144e-01 2.927081477560605993e+00
2.680384000000000100e+00 -3.190840005651285338e-03 9.146445233827410481e-01 2.926780278760492848e+00
2.685951999999999895e+00 -2.753006881251351956e-03 9.274935707686856601e-01 2.926366217954282867e+00
2.691520000000000135e+00 -2.211991096356502595e-03 9.405235785671205440e-01 2.926054060280937286e+00
2.697087999999999930e+00 -1.744227684411736590e-03 9.536787389177782126e-01 2.925667404776449487e+00
2.702656000000000169e+00 -1.278851113687196062e-03 9.669816834930796690e-01 2.925277150649443492e+00
2.708223999999999965e+00 -8.746377280650641239e-04 9.804127886226826627e-01 2.924824554844515756e+00
2.713792000000000204e+00 -4.644259474062550908e-04 9.939940486251983565e-01 2.924376811845946111e+00
2.719359999999999999e+00 -7.974031780211277010e-05 1.007714625356235238e+00 2.923902429631483724e+00
2.724928000000000239e+00 2.899280071697596384e-04 1.021577692133803561e+00 2.923411949195087178e+00
2.730496000000000034e+00 6.413171912758031112e-04 1.035581668193110039e+00 2.922902140475708954e+00
2.736064000000000274e+00 9.264789631044934026e-04 1.049708785999526883e+00 2.922325086608684064e+00
2.741632000000000069e+00 1.184169002314217067e-03 1.063971825317176156e+00 2.921719574315853496e+00
2.747200000000000308e+00 1.457907268620495245e-03 1.078386009621773001e+00 2.921129154238376380e+00
2.752768000000000104e+00 1.767475426839748565e-03 1.092958480452732584e+00 2.920573638365568936e+00
2.758335999999999899e+00 1.998142103212696696e-03 1.107645684255596841e+00 2.919938325294979098e+00
2.763904000000000138e+00 2.245058252348108851e-03 1.122482329988623517e+00 2.919318395603039296e+00
2.769471999999999934e+00 2.489390181528605694e-03 1.137460576697844061e+00 2.918695044873049760e+00
2.775040000000000173e+00 2.680366170457748609e-03 1.152559483690533515e+00 2.918017530318554709e+00
2.780607999999999969e+00 2.889658891225721504e-03 1.167805944714858768e+00 2.917357553206909149e+00
2.786176000000000208e+00 3.058244875735027790e-03 1.183175247682025422e+00 2.916656118330261727e+00
2.791744000000000003e+00 3.202886391252324216e-03 1.198672445655734720e+00 2.915930015884629523e+00
2.797312000000000243e+00 3.405920289316188843e-03 1.214330134422306529e+00 2.915261610322286590e+00
2.802880000000000038e+00 3.585058075618707818e-03 1.230113104143192082e+00 2.914568640425098778e+00
2.808448000000000278e+00 3.716329564766418514e-03 1.246009125099175829e+00 2.913827162962694839e+00
2.814016000000000073e+00 3.860403860211469862e-03 1.262041939788695721e+00 2.913097873675771776e+00
2.819583999999999868e+00 4.004333475500221340e-03 1.278204179066729340e+00 2.912367851400688323e+00
2.825152000000000108e+00 4.139570885222987329e-03 1.294489966183653751e+00 2.911628574623717824e+00
2.830719999999999903e+00 4.250937898294449013e-03 1.310890064914931097e+00 2.910864890857600695e+00
2.836288000000000142e+00 4.344636701830939529e-03 1.327404448156602745e+00 2.910083027688660451e+00
2.841855999999999938e+00 4.453384822907135998e-03 1.344045282387293261e+00 2.909315727741759172e+00
2.847424000000000177e+00 4.557224509368573706e-03 1.360800651151750529e+00 2.908543058064285258e+00
2.852991999999999972e+00 4.624794829194645018e-03 1.377652558014694550e+00 2.907733682228646810e+00
2.858560000000000212e+00 4.713224097882662278e-03 1.394624492733566701e+00 2.906944752762765649e+00
2.864128000000000007e+00 4.812234585806596243e-03 1.411708345108380280e+00 2.906166015860499829e+00
2.869696000000000247e+00 4.876921977934323138e-03 1.428878506518419078e+00 2.905352590844405558e+00
2.875264000000000042e+00 4.947773112647713134e-03 1.446150562466743006e+00 2.904544987907559772e+00
2.880832000000000281e+00 4.996892114177420297e-03 1.463506386541058024e+00 2.903715334248975211e+00
2.886400000000000077e+00 5.032780328537711512e-03 1.480945498008602756e+00 2.902872154012473338e+00
2.891968000000000316e+00 5.062707060260684955e-03 1.498466752843077954e+00 2.902022739026335785e+00
2.897536000000000111e+00 5.083349446880713884e-03 1.516063414623339822e+00 2.901163788680671374e+00
2.903103999999999907e+00 5.085288981864888314e-03 1.533725204682612420e+00 2.900285906453196283e+00
2.908672000000000146e+00 5.109325450093571419e-03 1.551468247354451879e+00 2.899429913847541229e+00
2.914239999999999942e+00 5.116440129691479655e-03 1.569266248819260801e+00 2.898556813597873205e+00
2.919808000000000181e+00 5.120501357313234081e-03 1.587120676014595277e+00 2.897680495236941489e+00
2.925375999999999976e+00 5.136332030482915201e-03 1.605033653550177686e+00 2.896815802601162559e+00
2.930944000000000216e+00 5.137396403187555194e-03 1.622984294719445497e+00 2.895936220628904767e+00
2.936512000000000011e+00 5.130172415226841309e-03 1.640969541700433743e+00 2.895048247692529220e+00
2.942080000000000251e+00 5.113695244047811173e-03 1.658982038572386131e+00 2.894150939152864588e+00
2.947648000000000046e+00 5.115950646919831257e-03 1.677030998699128972e+00 2.893272300704011091e+00
2.953216000000000285e+00 5.108129213938550350e-03 1.695092889721009577e+00 2.892383542628933490e+00
2.958784000000000081e+00 5.091961644374976004e-03 1.713161370344652878e+00 2.891486415078379224e+00
2.964351999999999876e+00 5.052519654126008675e-03 1.731220012359073746e+00 2.890566008980872681e+00
2.969920000000000115e+00 5.010979108960977868e-03 1.749273717096328173e+00 2.889643519178468178e+00
2.975487999999999911e+00 4.986131564449269860e-03 1.767326347822851806e+00 2.888737755969171150e+00
2.981056000000000150e+00 4.946189559205560471e-03 1.785350868890277498e+00 2.887816950402643634e+00
2.986623999999999945e+00 4.897535002128972081e-03 1.803343172793512972e+00 2.886887502669876593e+00
2.992192000000000185e+00 4.845214017578758359e-03 1.821298392099197194e+00 2.885954476950777892e+00
2.997759999999999980e+00 4.779177465219941467e-03 1.839202101606125961e+00 2.885007841936400474e+00
3.003328000000000220e+00 4.695280731298545618e-03 1.857043371947850963e+00 2.884043470622578820e+00
3.008896000000000015e+00 4.601462737762851418e-03 1.874818997661513054e+00 2.883069319321388768e+00
3.014464000000000254e+00 4.492383490494855636e-03 1.892517240914220800e+00 2.882080065211682030e+00
3.020032000000000050e+00 4.379104524741883608e-03 1.910137108705659115e+00 2.881086786786809295e+00
3.025600000000000289e+00 4.259143959000066815e-03 1.927668845866303604e+00 2.880087018910766794e+00
3.031168000000000085e+00 4.135920689753547208e-03 1.945106661772256551e+00 2.879084197015171487e+00
3.036736000000000324e+00 4.000909245059247610e-03 1.962436763083835745e+00 2.878069811955063617e+00
3.042304000000000119e+00 3.863742398633629449e-03 1.979657713857983392e+00 2.877053512625183274e+00
3.047871999999999915e+00 3.722009847509255565e-03 1.996760050990720403e+00 2.876032904639800769e+00
3.053440000000000154e+00 3.575145649292732486e-03 2.013735648531858047e+00 2.875007437772115093e+00
3.059007999999999949e+00 3.430278595922597873e-03 2.030581932347300000e+00 2.873984256330140319e+00
3.064576000000000189e+00 3.284404516399774820e-03 2.047289422271856285e+00 2.872960371461537044e+00
3.070143999999999984e+00 3.142692604481300833e-03 2.063854594235366768e+00 2.871940967483384455e+00
3.075712000000000224e+00 2.991114911350845063e-03 2.080260309484498915e+00 2.870912031376913198e+00
3.081280000000000019e+00 2.834021783278295459e-03 2.096502709735633019e+00 2.869877928227196673e+00
3.086848000000000258e+00 2.674198349359446780e-03 2.112577085024475387e+00 2.868841457712909104e+00
3.092416000000000054e+00 2.498674093792452311e-03 2.128467315433705487e+00 2.867789663680595513e+00
3.097984000000000293e+00 2.338987779506140896e-03 2.144190496994644590e+00 2.866754099070273121e+00
3.103552000000000088e+00 2.171855067983674559e-03 2.159723368226737161e+00 2.865711493537211219e+00
3.109119999999999884e+00 2.001709999511547267e-03 2.175063432144022979e+00 2.864666294934106627e+00
3.114688000000000123e+00 1.825146212385497790e-03 2.190202551929068875e+00 2.863615110532207630e+00
3.120256000000000363e+00 1.651424074637475314e-03 2.205142538290736809e+00 2.862567214154929651e+00
3.125824000000000158e+00 1.479804996895595082e-03 2.219877925734528912e+00 2.861521880492589709e+00
3.131391999999999953e+00 1.307748626207860809e-03 2.234402098653974544e+00 2.860476582298083770e+00
3.136960000000000193e+00 1.134980729343926242e-03 2.248710455983977674e+00 2.859431058272019932e+00
3.142527999999999988e+00 9.605079993475484912e-04 2.262798110825187781e+00 2.858384327871085873e+00
3.148096000000000227e+00 7.841134211714617663e-04 2.276661068011200495e+00 2.857336186675482725e+00
3.153664000000000023e+00 6.082255301129713132e-04 2.290297742511918422e+00 2.856289075649133480e+00
3.159232000000000262e+00 4.328111789289046385e-04 2.303704912701483476e+00 2.855242973908558746e+00
3.164800000000000058e+00 2.613880573409943509e-04 2.316882531293079861e+00 2.854201411244119413e+00
3.170367999999999853e+00 9.089683820118210633e-05 2.329825547618753934e+00 2.853161340267909907e+00
3.175936000000000092e+00 -7.491839669260258461e-05 2.342534730402991094e+00 2.852126516841270387e+00
3.181504000000000332e+00 -2.368879825835890074e-04 2.355007434004019018e+00 2.851096122250491138e+00
3.187072000000000127e+00 -3.976743217291023313e-04 2.367239760628154777e+00 2.850067505558507630e+00
3.192639999999999922e+00 -5.548586371215691315e-04 2.379232290823186879e+00 2.849043096852824863e+00
3.198208000000000162e+00 -7.101418830259831338e-04 2.390982467124322053e+00 2.848021206336626143e+00
3.203775999999999957e+00 -8.607874415367255949e-04 2.402491718869959492e+00 2.847004581633820308e+00
3.209344000000000197e+00 -1.006755140624093769e-03 2.413759502131815893e+00 2.845993273772605026e+00
3.214911999999999992e+00 -1.149081377644467494e-03 2.424784609874528041e+00 2.844986257063533142e+00
3.220480000000000231e+00 -1.289830291410609675e-03 2.435565189829140387e+00 2.843981477929015345e+00
3.226048000000000027e+00 -1.426433020891071379e-03 2.446103583924311042e+00 2.842981515646169299e+00
3.231615999999999822e+00 -1.556866577864912671e-03 2.456401933539487104e+00 2.841988403475695257e+00
3.237184000000000061e+00 -1.687532712007389080e-03 2.466455320630828840e+00 2.840995749798318926e+00
3.242752000000000301e+00 -1.810963066546378286e-03 2.476271037215183490e+00 2.840011032960628068e+00
3.248320000000000096e+00 -1.929376253528847229e-03 2.485848206136935357e+00 2.839032044201297733e+00
3.253887999999999892e+00 -2.046180996646995709e-03 2.495185065833566807e+00 2.838055384509737156e+00
3.259456000000000131e+00 -2.160259461275959580e-03 2.504283980245404440e+00 2.837082181297507333e+00
3.265024000000000370e+00 -2.267689101513870042e-03 2.513149990003816114e+00 2.836116366552719370e+00
3.270592000000000166e+00 -2.375023322642721979e-03 2.521779030661219334e+00 2.835151396179005800e+00
3.276159999999999961e+00 -2.476071654296863045e-03 2.530178478258917618e+00 2.834193469823758971e+00
3.281728000000000200e+00 -2.574103530669891171e-03 2.538347453857296987e+00 2.833239327099324356e+00
3.287295999999999996e+00 -2.667940296063875394e-03 2.546289167402932652e+00 2.832290155578831126e+00
3.292864000000000235e+00 -2.758705319019671975e-03 2.554004883365382561e+00 2.831344840683431396e+00
3.298432000000000031e+00 -2.848884325019174213e-03 2.561494733343454122e+00 2.830400905350952456e+00
3.304000000000000270e+00 -2.934354083379719924e-03 2.568764920618296532e+00 2.829462481350340841e+00
3.309568000000000065e+00 -3.015894925837425689e-03 2.575817320046008607e+00 2.828528796764404607e+00
3.315135999999999861e+00 -3.093775485700334116e-03 2.582654348390145405e+00 2.827599591251976907e+00
3.320704000000000100e+00 -3.168090740599538435e-03 2.589278652447130735e+00 2.826674778006457167e+00
3.326272000000000340e+00 -3.239836981220101109e-03 2.595692117680607591e+00 2.825753368788367137e+00
3.331840000000000135e+00 -3.309051390663508840e-03 2.601897557730393995e+00 2.824835334347266080e+00
3.337407999999999930e+00 -3.377116548136882557e-03 2.607896599048383557e+00 2.823919299919310344e+00
3.342976000000000170e+00 -3.442908418376688928e-03 2.613693219478109953e+00 2.823006397239084642e+00
3.348543999999999965e+00 -3.505286074454438960e-03 2.619291463806903586e+00 2.822097774818022931e+00
3.354112000000000204e+00 -3.563886465276056015e-03 2.624694695247469678e+00 2.821193803178132953e+00
3.359680000000000000e+00 -3.617112033263758519e-03 2.629907462039079658e+00 2.820296087235517390e+00
3.365248000000000239e+00 -3.670533673254983142e-03 2.634927646836094706e+00 2.819399063342673983e+00
3.370816000000000034e+00 -3.720086686291423916e-03 2.639762134023947660e+00 2.818506803335887767e+00
3.376383999999999830e+00 -3.767060362165786103e-03 2.644412829955835598e+00 2.817618024953852274e+00
3.381952000000000069e+00 -3.814698746734457302e-03 2.648879805587826208e+00 2.816729491071520819e+00
3.387520000000000309e+00 -3.856703393760430032e-03 2.653172111460453841e+00 2.815847506949401780e+00
3.393088000000000104e+00 -3.895626688238174040e-03 2.657290494283951698e+00 2.814969526911374142e+00
3.398655999999999899e+00 -3.928476105272249441e-03 2.661240932919625823e+00 2.814098550086930661e+00
3.404224000000000139e+00 -3.959101307595691566e-03 2.665022948342979259e+00 2.813230733314767029e+00
3.409792000000000378e+00 -3.988257265354455683e-03 2.668638974423762189e+00 2.812365328024102773e+00
3.415360000000000174e+00 -4.016722422969909445e-03 2.672091419761956299e+00 2.811501562068901006e+00
3.420927999999999969e+00 -4.040796131528079371e-03 2.675386951687845905e+00 2.810643142296560537e+00
3.426496000000000208e+00 -4.059667263587307673e-03 2.678529505393747456e+00 2.809790885934172255e+00
3.432064000000000004e+00 -4.076107929701144883e-03 2.681519595389350918e+00 2.808942026873048725e+00
3.437632000000000243e+00 -4.088904786669456115e-03 2.684361530707748411e+00 2.808097784361522908e+00
3.443200000000000038e+00 -4.097594375180868553e-03 2.687058904425585038e+00 2.807258627668335116e+00
3.448768000000000278e+00 -4.104176111439539198e-03 2.689612948817323712e+00 2.806422563092027644e+00
3.454336000000000073e+00 -4.108591196207100893e-03 2.692026855113641925e+00 2.805589655052918019e+00
3.459903999999999868e+00 -4.108654513816034637e-03 2.694305853398103689e+00 2.804762094195084821e+00
3.465472000000000108e+00 -4.104951260180289552e-03 2.696452511316298928e+00 2.803939300759350939e+00
3.471040000000000347e+00 -4.096205444426903597e-03 2.698471181157102272e+00 2.803122556082629835e+00
3.476608000000000143e+00 -4.084488608692815603e-03 2.700362981957939557e+00 2.802309793879100397e+00
3.482175999999999938e+00 -4.067786663766614907e-03 2.702132957518601497e+00 2.801503033405526644e+00
3.487744000000000177e+00 -4.049406772061114879e-03 2.703781008684616349e+00 2.800698972579239943e+00
3.493311999999999973e+00 -4.028391273777298665e-03 2.705311132519137463e+00 2.799898574052909872e+00
3.498880000000000212e+00 -4.003456654682491234e-03 2.706727629843573180e+00 2.799103126247699524e+00
3.504448000000000008e+00 -3.973779048000114500e-03 2.708034340680876895e+00 2.798313457852303454e+00
3.510016000000000247e+00 -3.941371507573787625e-03 2.709232341785249520e+00 2.797527560550686410e+00
3.515584000000000042e+00 -3.904520771463637629e-03 2.710326294184528972e+00 2.796747152259396518e+00
3.521151999999999838e+00 -3.864303365779697685e-03 2.711318128483666712e+00 2.795971161024625395e+00
3.526720000000000077e+00 -3.823446034571187369e-03 2.712208149097641741e+00 2.795196864593204378e+00
3.532288000000000316e+00 -3.780827616245652223e-03 2.713000352793037084e+00 2.794425388537054022e+00
3.537856000000000112e+00 -3.735062343285022735e-03 2.713698969697331265e+00 2.793658122954342016e+00
3.543423999999999907e+00 -3.686184264282577061e-03 2.714306810041637430e+00 2.792895038048303746e+00
3.548992000000000147e+00 -3.634510351250508364e-03 2.714826376284896092e+00 2.792135821020777620e+00
3.554559999999999942e+00 -3.580084118077309085e-03 2.715260387370214357e+00 2.791380432454594551e+00
3.560128000000000181e+00 -3.523230975507996021e-03 2.715611249951362272e+00 2.790628550959424192e+00
3.565695999999999977e+00 -3.466520342692458456e-03 2.715879134964120478e+00 2.789877611061051699e+00
3.571264000000000216e+00 -3.408521023208876954e-03 2.716068057568906458e+00 2.789129047826170105e+00
3.576832000000000011e+00 -3.348217576127243689e-03 2.716181576410414245e+00 2.788383880492118827e+00
3.582400000000000251e+00 -3.286055496326323322e-03 2.716221783338201856e+00 2.787641667287370950e+00
3.587968000000000046e+00 -3.221593743546691258e-03 2.716191568674566792e+00 2.786902852903264005e+00
3.593536000000000286e+00 -3.154972225690055865e-03 2.716093209079520232e+00 2.786167301011484021e+00
3.599104000000000081e+00 -3.086137905655039759e-03 2.715929115778926928e+00 2.785435068158004235e+00
3.604671999999999876e+00 -3.017732118793414742e-03 2.715699006527378501e+00 2.784703516446396243e+00
3.610240000000000116e+00 -2.947771270588539494e-03 2.715407066693455995e+00 2.783974632840905628e+00
3.615808000000000355e+00 -2.873816884982005604e-03 2.715057859941765628e+00 2.783250859118876264e+00
3.621376000000000150e+00 -2.800987144448541244e-03 2.714648533333647418e+00 2.782527080331419267e+00
3.626943999999999946e+00 -2.724224630061389263e-03 2.714186109317812345e+00 2.781808357064082138e+00
3.632512000000000185e+00 -2.645315953923699226e-03 2.713670876095275464e+00 2.781092905805143900e+00
3.638080000000000425e+00 -2.563886158617911804e-03 2.713105188518012412e+00 2.780381104546885584e+00
3.643647999999999776e+00 -2.481716652940502144e-03 2.712489253695557601e+00 2.779671174850568249e+00
3.649216000000000015e+00 -2.396855646367601622e-03 2.711826878135662255e+00 2.778965071412673904e+00
3.654784000000000255e+00 -2.310550330071770020e-03 2.711118706934231071e+00 2.778261549884583292e+00
3.660352000000000050e+00 -2.221094068028062196e-03 2.710368232996108517e+00 2.777562319682163050e+00
3.665919999999999845e+00 -2.128033000188711554e-03 2.709577691953577894e+00 2.776867837383273585e+00
3.671488000000000085e+00 -2.032647687087330013e-03 2.708747599434746967e+00 2.776176825083843003e+00
3.677056000000000324e+00 -1.934425711982434848e-03 2.707880188134475841e+00 2.775489797796393709e+00
3.682624000000000120e+00 -1.834752610280432350e-03 2.706975823472669518e+00 2.774805372521280677e+00
3.688191999999999915e+00 -1.732369721310522692e-03 2.706037419182131476e+00 2.774124810395572016e+00
3.693760000000000154e+00 -1.627174609698300856e-03 2.705066749368118195e+00 2.773448216272327294e+00
3.699328000000000394e+00 -1.519550975859207398e-03 2.704065082852109114e+00 2.772775208810748904e+00
3.704896000000000189e+00 -1.409226334271984626e-03 2.703034312132424954e+00 2.772106062798534776e+00
3.710463999999999984e+00 -1.296091934462673123e-03 2.701976153170030148e+00 2.771440889231539195e+00
3.716032000000000224e+00 -1.180924183735498900e-03 2.700891440043669434e+00 2.770778913891652540e+00
3.721600000000000019e+00 -1.064080203771133881e-03 2.699781379796874603e+00 2.770119781790828295e+00
3.727167999999999815e+00 -9.446835303865697142e-04 2.698648368813580944e+00 2.769464371471926700e+00
3.732736000000000054e+00 -8.239383987129755837e-04 2.697492737747543945e+00 2.768811480724148399e+00
3.738304000000000293e+00 -7.016457919339913474e-04 2.696316151868873412e+00 2.768161310534891228e+00
3.743872000000000089e+00 -5.768529618723761132e-04 2.695120974919161583e+00 2.767514815569752429e+00
3.749439999999999884e+00 -4.519735105068534153e-04 2.693906236060955361e+00 2.766869584091605994e+00
3.755008000000000123e+00 -3.253347221434665926e-04 2.692674902571980944e+00 2.766227290629004631e+00
3.760576000000000363e+00 -1.981508061819070576e-04 2.691427065379811800e+00 2.765586722733989422e+00
3.766144000000000158e+00 -7.084677523305771274e-05 2.690163523063339834e+00 2.764947457104542039e+00
3.771711999999999954e+00 5.748621565970779557e-05 2.688886295702297424e+00 2.764310404245926556e+00
3.777280000000000193e+00 1.865137010685913310e-04 2.687596126962156884e+00 2.763675231303291291e+00
3.782848000000000432e+00 3.157510893827542020e-04 2.686293516406335069e+00 2.763041455246422640e+00
3.788415999999999784e+00 4.455538840297812442e-04 2.684979708657995179e+00 2.762409433091516764e+00
3.793984000000000023e+00 5.756457071681708726e-04 2.683655236489087770e+00 2.761778889925404101e+00
3.799552000000000263e+00 7.052212305005411963e-04 2.682320035722669971e+00 2.761149021836901252e+00
3.805120000000000058e+00 8.358196518614136039e-04 2.680976228166773279e+00 2.760521369393933000e+00
3.810687999999999853e+00 9.663283019851753863e-04 2.679623274144301348e+00 2.759894821250812313e+00
3.816256000000000093e+00 1.097477355619602690e-03 2.678262347265248255e+00 2.759270108859882331e+00
3.821824000000000332e+00 1.230298121488448970e-03 2.676894841603825181e+00 2.758648264761987878e+00
3.827392000000000127e+00 1.364317921051849680e-03 2.675520636869443081e+00 2.758028817465743909e+00
3.832959999999999923e+00 1.499850416024628430e-03 2.674140325622459180e+00 2.757412081775558743e+00
3.838528000000000162e+00 1.637475020667800152e-03 2.672754728685668102e+00 2.756798638204418506e+00
3.844096000000000402e+00 1.776672100761267359e-03 2.671363601385183806e+00 2.756187968173358982e+00
3.849664000000000197e+00 1.917901461523818796e-03 2.669967638831243217e+00 2.755580532499864344e+00
3.855231999999999992e+00 2.062619255972730770e-03 2.668568539666273498e+00 2.754977788306721909e+00
3.860800000000000232e+00 2.207558693595679244e-03 2.667163487688645862e+00 2.754376469731157240e+00
3.866368000000000027e+00 2.355126735340995481e-03 2.665755201876005120e+00 2.753778984620307568e+00
3.871935999999999822e+00 2.506642555885285617e-03 2.664345446158723707e+00 2.753186652993954375e+00
3.877504000000000062e+00 2.656018615432742536e-03 2.662928888390172499e+00 2.752593388116785889e+00
3.883072000000000301e+00 2.809221221864444118e-03 2.661511964746134939e+00 2.752005157061003793e+00
3.888640000000000096e+00 2.963563869243124316e-03 2.660092810713999167e+00 2.751419274045283192e+00
3.894207999999999892e+00 3.117323989015652330e-03 2.658670588401192969e+00 2.750834017186422731e+00
3.899776000000000131e+00 3.271568053663909126e-03 2.657247173802976814e+00 2.750250453603444889e+00
3.905344000000000371e+00 3.425169839030850483e-03 2.655822327799409521e+00 2.749667457680356364e+00
3.910912000000000166e+00 3.576438082887989367e-03 2.654395238140650815e+00 2.749083338725153869e+00
3.916479999999999961e+00 3.726259713596302703e-03 2.652967450440821384e+00 2.748498984198917583e+00
3.922048000000000201e+00 3.873780822929884238e-03 2.651538628261359332e+00 2.747913540689058909e+00
3.927615999999999996e+00 4.018334390945010881e-03 2.650108388662852921e+00 2.747326341634614977e+00
3.933183999999999791e+00 4.161327685978211122e-03 2.648677962490622484e+00 2.746738794726662825e+00
3.938752000000000031e+00 4.303674717936800675e-03 2.647247730598080828e+00 2.746151814362025156e+00
3.944320000000000270e+00 4.445379380772163103e-03 2.645816719108746717e+00 2.745565404786151298e+00
3.949888000000000066e+00 4.589564263421941348e-03 2.644386568644924385e+00 2.744982688904471502e+00
3.955455999999999861e+00 4.736501914580859562e-03 2.642955817026328980e+00 2.744403939547560345e+00
3.961024000000000100e+00 4.888664345055637739e-03 2.641525067379144609e+00 2.743831628973894432e+00
3.966592000000000340e+00 5.048805026145686270e-03 2.640095403203746027e+00 2.743268510868626553e+00
3.972160000000000135e+00 5.216086056247348779e-03 2.638665423070277516e+00 2.742713747510580724e+00
3.977727999999999930e+00 5.390098093364326104e-03 2.637235980050907092e+00 2.742166929705139644e+00
3.983296000000000170e+00 5.566935121133376185e-03 2.635807799276575381e+00 2.741624151550663857e+00
3.988864000000000409e+00 5.734920124069731173e-03 2.634379337402727561e+00 2.741073736114106651e+00
3.994432000000000205e+00 5.877745089117869526e-03 2.632952394350354108e+00 2.740499375432943641e+00
4.000000000000000000e+00 5.965601787972119041e-03 2.631527197613590108e+00 2.739871261297857963e+00
