2.500000000000000000e+00 -4.248604284048695945e-02 4.517520327211434505e+01
2.505999999999999783e+00 -2.559842241446119715e-02 4.467282485501076650e+01
2.512000000000000011e+00 -2.707104588349551477e-02 4.416144785183268340e+01
2.517999999999999794e+00 -6.345751388536768900e-03 4.368143899546537767e+01
2.524000000000000021e+00 -2.775538029744950563e-03 4.319325738750102772e+01
2.529999999999999805e+00 -2.560309596908894036e-03 4.271051872998355492e+01
2.536000000000000032e+00 8.789717115611495046e-03 4.224753188976139739e+01
2.541999999999999815e+00 7.492131611662955493e-03 4.178033698787915995e+01
2.548000000000000043e+00 1.478540252712434722e-02 4.132999844014602076e+01
2.553999999999999826e+00 1.865537400325223416e-02 4.088433141909591484e+01
2.560000000000000053e+00 8.846616371634752340e-03 4.043291316831193427e+01
2.565999999999999837e+00 2.064306869278453860e-02 4.001086360684620757e+01
2.572000000000000064e+00 1.897657442378886117e-02 3.958295382518716821e+01
2.577999999999999847e+00 1.782962724594483461e-02 3.916300878997507340e+01
2.584000000000000075e+00 2.364067272992542712e-02 3.875731260330100270e+01
2.589999999999999858e+00 1.743303354331970922e-02 3.834673738444667634e+01
2.596000000000000085e+00 2.021580741409678694e-02 3.795214412341734800e+01
2.601999999999999869e+00 2.146271173378266894e-02 3.756286148028447514e+01
2.608000000000000096e+00 1.165051054023535926e-02 3.716922416620649017e+01
2.613999999999999879e+00 1.873062278051662588e-02 3.679904450514067094e+01
2.620000000000000107e+00 1.555570658111804505e-02 3.642503897108610289e+01
2.625999999999999890e+00 1.178907172287324556e-02 3.605673755315702778e+01
2.632000000000000117e+00 1.488360445566172530e-02 3.570146263271762166e+01
2.637999999999999901e+00 8.543784205500060125e-03 3.534279095222101574e+01
2.644000000000000128e+00 8.142954308972605304e-03 3.499597083796929553e+01
2.649999999999999911e+00 7.913983810894364979e-03 3.465511281391133025e+01
2.656000000000000139e+00 -5.437832313575086118e-04 3.431169650298993901e+01
2.661999999999999922e+00 4.468404884889309869e-03 3.398730351193142951e+01
2.668000000000000149e+00 1.076976090963910337e-03 3.365994565215738987e+01
2.673999999999999932e+00 -4.234535945208506291e-03 3.333599432185305744e+01
2.680000000000000160e+00 -2.829988912672831702e-03 3.302397596171830685e+01
2.685999999999999943e+00 -7.882754705271111106e-03 3.271060988529458058e+01
2.692000000000000171e+00 -8.511098658175342280e-03 3.240667285328164127e+01
2.697999999999999954e+00 -9.123140411844588016e-03 3.210765406664335586e+01
2.704000000000000181e+00 -1.679075021833398296e-02 3.180638122472531393e+01
2.709999999999999964e+00 -1.378714103292821846e-02 3.152048288807582566e+01
2.716000000000000192e+00 -1.550605400926841071e-02 3.123446924838065897e+01
2.721999999999999975e+00 -1.842205367766780455e-02 3.095177178926260098e+01
2.728000000000000203e+00 -1.744904205103026129e-02 3.067738472872338562e+01
2.733999999999999986e+00 -2.153903607122131802e-02 3.040226619883665293e+01
2.740000000000000213e+00 -2.149370053739474429e-02 3.013552667057409096e+01
2.745999999999999996e+00 -2.070821165450453805e-02 2.987368504863984597e+01
2.751999999999999780e+00 -2.523784276026219686e-02 2.961060204476953572e+01
2.758000000000000007e+00 -2.210222243100901096e-02 2.935917587931118788e+01
2.764000000000000234e+00 -2.284800794469887819e-02 2.910777956811562106e+01
2.770000000000000018e+00 -2.454633491313273908e-02 2.885926343393508020e+01
2.775999999999999801e+00 -2.207757232808305048e-02 2.861867031309623854e+01
2.782000000000000028e+00 -2.298633540678451936e-02 2.837838050506161380e+01
2.788000000000000256e+00 -2.131255945137411345e-02 2.814428066167689835e+01
2.794000000000000039e+00 -2.030746039977060491e-02 2.791304779042283002e+01
2.799999999999999822e+00 -2.255714336648750873e-02 2.768202561037915999e+01
2.806000000000000050e+00 -1.821808306611671924e-02 2.746098903700988814e+01
2.811999999999999833e+00 -1.734816397058480675e-02 2.723981310791277366e+01
2.818000000000000060e+00 -1.688030397350104295e-02 2.702149932576345037e+01
2.823999999999999844e+00 -1.370363928754514404e-02 2.680909444072495873e+01
2.830000000000000071e+00 -1.368912277790457210e-02 2.659666482011366284e+01
2.835999999999999854e+00 -1.082789749600365781e-02 2.639015804355766548e+01
2.842000000000000082e+00 -8.510142148832500197e-03 2.618612402690319740e+01
2.847999999999999865e+00 -8.679321556709140850e-03 2.598256074181401942e+01
2.854000000000000092e+00 -4.541945373173206235e-03 2.578620442778347766e+01
2.859999999999999876e+00 -3.032270149738280907e-03 2.559006486146706294e+01
2.866000000000000103e+00 -1.251469378257041853e-03 2.539698615870075216e+01
2.871999999999999886e+00 2.185689287646397361e-03 2.520830006999079487e+01
2.878000000000000114e+00 2.814066114865454438e-03 2.501948917595314725e+01
2.883999999999999897e+00 5.677632988724923280e-03 2.483554634500337954e+01
2.890000000000000124e+00 7.743544514696054648e-03 2.465338877908025950e+01
2.895999999999999908e+00 9.011374920060433169e-03 2.447296722578503747e+01
2.902000000000000135e+00 1.206728613757235280e-02 2.429682012231283750e+01
2.907999999999999918e+00 1.365042217283729542e-02 2.412163996626559381e+01
2.914000000000000146e+00 1.472646698885782257e-02 2.394834685057345425e+01
2.919999999999999929e+00 1.727326028447961903e-02 2.377887405688618827e+01
2.926000000000000156e+00 1.855113836213462264e-02 2.361043837462345607e+01
2.931999999999999940e+00 2.059702015235842509e-02 2.344503416574146115e+01
2.938000000000000167e+00 2.218536207257315596e-02 2.328139429887765388e+01
2.943999999999999950e+00 2.190092525474796048e-02 2.311806289640357903e+01
2.950000000000000178e+00 2.389226287180434838e-02 2.295914880210069597e+01
2.955999999999999961e+00 2.493720286890166449e-02 2.280139104475484046e+01
2.962000000000000188e+00 2.527395761819306585e-02 2.264498992917871334e+01
2.967999999999999972e+00 2.661215609540334981e-02 2.249161805024755267e+01
2.974000000000000199e+00 2.643427714825108410e-02 2.233872170850676397e+01
2.979999999999999982e+00 2.662438910436648598e-02 2.218814963258916251e+01
2.985999999999999766e+00 2.701692797559474002e-02 2.203970174068689403e+01
2.991999999999999993e+00 2.629265954186976728e-02 2.189202508634925337e+01
2.998000000000000220e+00 2.649565345023674467e-02 2.174713081673045423e+01
3.004000000000000004e+00 2.606197884938765696e-02 2.160342285279712016e+01
3.009999999999999787e+00 2.507625688188142021e-02 2.146095442680640275e+01
3.016000000000000014e+00 2.494813868412393276e-02 2.132110454569226476e+01
3.022000000000000242e+00 2.386260127173400747e-02 2.118202827272636668e+01
3.028000000000000025e+00 2.312216557867685651e-02 2.104499893171112035e+01
3.033999999999999808e+00 2.191825381580159160e-02 2.090917945085935159e+01
3.040000000000000036e+00 1.987230025569530767e-02 2.077416346045542994e+01
3.046000000000000263e+00 1.897325025060681014e-02 2.064191277909158018e+01
3.052000000000000046e+00 1.740131792235999342e-02 2.051058115891163780e+01
3.057999999999999829e+00 1.547720485656256528e-02 2.038046349217862385e+01
3.064000000000000057e+00 1.387797184916905735e-02 2.025221167120416510e+01
3.070000000000000284e+00 1.151125665876406856e-02 2.012470879458413364e+01
3.076000000000000068e+00 9.840034208000503213e-03 1.999939391616777584e+01
3.081999999999999851e+00 7.683409811956920521e-03 1.987506282733408725e+01
3.088000000000000078e+00 5.269175767715239544e-03 1.975192060289062113e+01
3.093999999999999861e+00 3.625433256281951344e-03 1.963097321254027250e+01
3.100000000000000089e+00 1.279561061213740913e-03 1.951072647940801730e+01
3.105999999999999872e+00 -8.321824384225351423e-04 1.939209567207250373e+01
3.112000000000000099e+00 -2.732943615761485034e-03 1.927503721047797924e+01
3.117999999999999883e+00 -5.511693976075093815e-03 1.915844223602586638e+01
3.124000000000000110e+00 -7.345307058088224039e-03 1.904411452533980054e+01
3.129999999999999893e+00 -9.339971453254491962e-03 1.893092906810482390e+01
3.136000000000000121e+00 -1.172083725161954249e-02 1.881864241165509100e+01
3.141999999999999904e+00 -1.299826071847931530e-02 1.870872640749844251e+01
3.148000000000000131e+00 -1.494905337079543983e-02 1.859938695359496208e+01
3.153999999999999915e+00 -1.693333366459981448e-02 1.849124713417380761e+01
3.160000000000000142e+00 -1.824588458920217704e-02 1.838499585377399015e+01
3.165999999999999925e+00 -2.043225777138246713e-02 1.827907172490252208e+01
3.172000000000000153e+00 -2.134064418571668398e-02 1.817561118919848084e+01
3.177999999999999936e+00 -2.235599555285006090e-02 1.807321438801446334e+01
3.184000000000000163e+00 -2.413206826723168774e-02 1.797121311056142190e+01
3.189999999999999947e+00 -2.445130289136443480e-02 1.787181090657097471e+01
3.196000000000000174e+00 -2.527588978241368523e-02 1.777303201289801038e+01
3.201999999999999957e+00 -2.618147376680823868e-02 1.767528764114149098e+01
3.208000000000000185e+00 -2.621792486140606115e-02 1.757951519926983508e+01
3.213999999999999968e+00 -2.687242049792715193e-02 1.748421520179019595e+01
3.219999999999999751e+00 -2.682133962120047954e-02 1.739069936807776884e+01
3.225999999999999979e+00 -2.652301926091737982e-02 1.729849785825815900e+01
3.232000000000000206e+00 -2.683906937429370032e-02 1.720673795083567725e+01
3.237999999999999989e+00 -2.578079678827904786e-02 1.711739761122923298e+01
3.243999999999999773e+00 -2.533953228956420389e-02 1.702847515716155158e+01
3.250000000000000000e+00 -2.492855620824485641e-02 1.694054732554465659e+01
3.256000000000000227e+00 -2.374389930908193946e-02 1.685440846403913184e+01
3.262000000000000011e+00 -2.315819073729130650e-02 1.676867667553513286e+01
3.267999999999999794e+00 -2.185544780559922629e-02 1.668465902075868712e+01
3.274000000000000021e+00 -2.037888290334421981e-02 1.660180370371389103e+01
3.280000000000000249e+00 -1.954149865973775491e-02 1.651928946882464899e+01
3.286000000000000032e+00 -1.755634669744665644e-02 1.643889533442956363e+01
3.291999999999999815e+00 -1.605781557322671915e-02 1.635897929702891673e+01
3.298000000000000043e+00 -1.463796134576966779e-02 1.627994199283706322e+01
3.304000000000000270e+00 -1.273639585062369406e-02 1.620233680155254063e+01
3.310000000000000053e+00 -1.132253456882281739e-02 1.612518759045641659e+01
3.315999999999999837e+00 -9.348394637196832946e-03 1.604953590828369414e+01
3.322000000000000064e+00 -7.408090066340022872e-03 1.597478148179697932e+01
3.328000000000000291e+00 -6.094203940394393726e-03 1.590032583528564381e+01
3.334000000000000075e+00 -3.949951796924366931e-03 1.582762011878725339e+01
3.339999999999999858e+00 -2.360453272441276340e-03 1.575527382794030373e+01
3.346000000000000085e+00 -7.606730785418847063e-04 1.568384685440423176e+01
3.351999999999999869e+00 1.220281168157200113e-03 1.561370517931786672e+01
3.358000000000000096e+00 2.679916488412814601e-03 1.554394162202179253e+01
3.363999999999999879e+00 4.370046024734008938e-03 1.547530352261237319e+01
3.370000000000000107e+00 5.937117514095646698e-03 1.540743306137399316e+01
3.375999999999999890e+00 7.013793887349351053e-03 1.533995883022553741e+01
3.382000000000000117e+00 8.802247887212288902e-03 1.527407911807506480e+01
3.387999999999999901e+00 1.002231061409908364e-02 1.520851004999276590e+01
3.394000000000000128e+00 1.118900935628452942e-02 1.514376311555930776e+01
3.399999999999999911e+00 1.262454577713256754e-02 1.508015713746454267e+01
3.406000000000000139e+00 1.354160968197959392e-02 1.501690157558261163e+01
3.411999999999999922e+00 1.464400395609999350e-02 1.495469714211965595e+01
3.418000000000000149e+00 1.557620290475014713e-02 1.489318535006486677e+01
3.423999999999999932e+00 1.596185702217134406e-02 1.483198700798318903e+01
3.430000000000000160e+00 1.687394637994188429e-02 1.477217236333849115e+01
3.435999999999999943e+00 1.725779236338453870e-02 1.471268410408950800e+01
3.442000000000000171e+00 1.753957454772780977e-02 1.465394586534986310e+01
3.447999999999999954e+00 1.815736728806172096e-02 1.459639325570203638e+01
3.454000000000000181e+00 1.824752585076616640e-02 1.453916023299255933e+01
3.459999999999999964e+00 1.848933283518938708e-02 1.448292374037494845e+01
3.466000000000000192e+00 1.855329254412119155e-02 1.442735199026226844e+01
3.471999999999999975e+00 1.808027152625868439e-02 1.437208359442741923e+01
3.477999999999999758e+00 1.830361759907361829e-02 1.431834967256862967e+01
3.483999999999999986e+00 1.798020188312499101e-02 1.426490488388424893e+01
3.490000000000000213e+00 1.754151745691245878e-02 1.421217851527754839e+01
3.495999999999999996e+00 1.740935179119063037e-02 1.416059014336667055e+01
3.501999999999999780e+00 1.673479469731908864e-02 1.410928863204450678e+01
3.508000000000000007e+00 1.640342223191559867e-02 1.405915730604844960e+01
3.514000000000000234e+00 1.594406630610301079e-02 1.400972271030223482e+01
3.520000000000000018e+00 1.494365257240914957e-02 1.396056943761984925e+01
3.525999999999999801e+00 1.464506747611338255e-02 1.391293798567378026e+01
3.532000000000000028e+00 1.382640753108077547e-02 1.386560399630453944e+01
3.538000000000000256e+00 1.293728369297042491e-02 1.381901455006251744e+01
3.544000000000000039e+00 1.245507342350826718e-02 1.377364440859458128e+01
3.549999999999999822e+00 1.142782490617300084e-02 1.372853890935114585e+01
3.556000000000000050e+00 1.079151555188140321e-02 1.368463121477371125e+01
3.562000000000000277e+00 1.005412816720863134e-02 1.364142637935301217e+01
3.568000000000000060e+00 8.748975898020816544e-03 1.359845466568985017e+01
3.573999999999999844e+00 8.366915867394908446e-03 1.355720374949774332e+01
3.580000000000000071e+00 7.396532890304285957e-03 1.351615889494714295e+01
3.586000000000000298e+00 6.326336895551065709e-03 1.347580514400385709e+01
3.592000000000000082e+00 5.726107449714135100e-03 1.343670865317397300e+01
3.597999999999999865e+00 4.486577339580577473e-03 1.339775636963087102e+01
3.604000000000000092e+00 3.777961722924771948e-03 1.336011455325609987e+01
3.610000000000000320e+00 3.018272357483198221e-03 1.332319708411903569e+01
3.616000000000000103e+00 1.621948721497901147e-03 1.328641408723002648e+01
3.621999999999999886e+00 1.273953576369279972e-03 1.325144602213559253e+01
3.628000000000000114e+00 3.080328713807034546e-04 1.321662193727145862e+01
3.634000000000000341e+00 -7.355357073866031214e-04 1.318247721339566780e+01
3.640000000000000124e+00 -1.288704472308666027e-03 1.314957479718664679e+01
3.645999999999999908e+00 -2.508046581022327359e-03 1.311675280619854611e+01
3.652000000000000135e+00 -3.158866101740542831e-03 1.308524041507809699e+01
3.657999999999999918e+00 -3.874597020944392511e-03 1.305439845333473414e+01
3.663999999999999702e+00 -5.225439193052849873e-03 1.302365076668048438e+01
3.669999999999999929e+00 -5.497675070003538167e-03 1.299470489810686580e+01
3.676000000000000156e+00 -6.423612098965136852e-03 1.296582214383018972e+01
3.681999999999999940e+00 -7.399534555986519990e-03 1.293759960033920464e+01
3.687999999999999723e+00 -7.806512981380464566e-03 1.291064935439367467e+01
3.693999999999999950e+00 -8.828338508866551138e-03 1.288378054868575440e+01
3.700000000000000178e+00 -9.314189776389980580e-03 1.285813671548315185e+01
3.705999999999999961e+00 -9.843032271531271249e-03 1.283313137840492324e+01
3.711999999999999744e+00 -1.097281276208583733e-02 1.280819885968282357e+01
3.717999999999999972e+00 -1.109383425409582458e-02 1.278494090746602474e+01
3.724000000000000199e+00 -1.181230215959239160e-02 1.276174315248619706e+01
3.729999999999999982e+00 -1.252415358385938760e-02 1.273920128217231351e+01
3.735999999999999766e+00 -1.264214734995583456e-02 1.271789395459263794e+01
3.741999999999999993e+00 -1.334080395959524878e-02 1.269663786301793529e+01
3.748000000000000220e+00 -1.354039908797766145e-02 1.267650374750255260e+01
3.754000000000000004e+00 -1.377342420388671940e-02 1.265694993988155126e+01
3.759999999999999787e+00 -1.456699525784976856e-02 1.263743996123071689e+01
3.766000000000000014e+00 -1.424234888697384349e-02 1.261964303232779550e+01
3.772000000000000242e+00 -1.446183791918365102e-02 1.260188708531555513e+01
3.778000000000000025e+00 -1.467810702329153116e-02 1.258470959570694170e+01
3.783999999999999808e+00 -1.437025456740315121e-02 1.256862142864974352e+01
3.790000000000000036e+00 -1.457515642899309682e-02 1.255257552368650309e+01
3.796000000000000263e+00 -1.428080083721106064e-02 1.253757356890983488e+01
3.802000000000000046e+00 -1.398673739830869067e-02 1.252310556133714314e+01
3.807999999999999829e+00 -1.417856130855632557e-02 1.250867533247535057e+01
3.814000000000000057e+00 -1.331110123804712941e-02 1.249581737056832687e+01
3.820000000000000284e+00 -1.293490967226951227e-02 1.248297034070966482e+01
3.826000000000000068e+00 -1.260380756063561591e-02 1.247056955094350350e+01
3.831999999999999851e+00 -1.185648318105769761e-02 1.245906536441450285e+01
3.838000000000000078e+00 -1.155980490003294392e-02 1.244757989785716923e+01
3.844000000000000306e+00 -1.076587929649441833e-02 1.243704997492029207e+01
3.850000000000000089e+00 -9.939728094888522492e-03 1.242699946085294016e+01
3.855999999999999872e+00 -9.550817231733788049e-03 1.241694774518908950e+01
3.862000000000000099e+00 -8.350049226166333938e-03 1.240813276122959685e+01
3.868000000000000327e+00 -7.557919106647048579e-03 1.239932284203105262e+01
3.874000000000000110e+00 -6.731855340763814866e-03 1.239094939142315610e+01
3.879999999999999893e+00 -5.444892263954059786e-03 1.238342822351831884e+01
3.886000000000000121e+00 -4.541425992860226302e-03 1.237590381869759426e+01
3.892000000000000348e+00 -3.259862100561505827e-03 1.236912668775641677e+01
3.898000000000000131e+00 -1.940822035500389120e-03 1.236274517719423294e+01
3.903999999999999915e+00 -9.701294714012931308e-04 1.235636249442723944e+01
3.910000000000000142e+00 6.656299407605814622e-04 1.235098115941838515e+01
3.915999999999999925e+00 1.975201870427767403e-03 1.234559910914105885e+01
3.921999999999999709e+00 3.322744301948787893e-03 1.234056978949528904e+01
3.927999999999999936e+00 5.041053323285638044e-03 1.233621539173885040e+01
3.934000000000000163e+00 6.499509399437997104e-03 1.233189480909433300e+01
3.939999999999999947e+00 8.308523027194425481e-03 1.232820809240215354e+01
3.945999999999999730e+00 1.014144779384729134e-02 1.232481837281112469e+01
3.951999999999999957e+00 1.170711937300872307e-02 1.232142441001637501e+01
3.958000000000000185e+00 1.377932635358547486e-02 1.231879007191607123e+01
3.963999999999999968e+00 1.559164971576798564e-02 1.231613918247755279e+01
3.969999999999999751e+00 1.739345345307441448e-02 1.231371152029194604e+01
3.975999999999999979e+00 1.940270049295911292e-02 1.231171564195189561e+01
3.982000000000000206e+00 2.121148213468870836e-02 1.230973441845293692e+01
3.987999999999999989e+00 2.326891675537368087e-02 1.230820794035641974e+01
3.993999999999999773e+00 2.547807527969503383e-02 1.230703044919822275e+01
4.000000000000000000e+00 2.774533088837216610e-02 1.230609969260462400e+01
